0.00	0	86.3F	9.1
0.05	0	86.3F	9.1
0.10	0	86.3F	9.1
0.15	1	86.3F	9.1
0.20	-1	86.4F	9.1
0.25	2	86.3F	9.1
0.30	0	86.3F	9.1
0.35	0	86.4F	9.1
0.40	2	86.3F	9.1
0.45	0	86.4F	9.1
0.50	-1	86.4F	9.1
0.55	4	86.3F	9.1
0.60	9	86.4F	9.1
0.65	10	86.4F	9.1
0.70	14	86.4F	9.1
0.75	17	86.4F	9.1
0.80	22	86.4F	9.1
0.85	31	86.4F	9.1
0.90	41	86.4F	9.1
0.95	48	86.4F	9.1
1.00	59	86.4F	9.1
1.05	70	86.4F	9.1
1.10	80	86.4F	9.1
1.15	91	86.4F	9.1
1.20	105	86.4F	9.1
1.25	119	86.4F	9.1
1.30	138	86.4F	9.1
1.35	157	86.4F	9.1
1.40	174	86.4F	9.1
1.45	192	86.4F	9.1
1.50	213	86.4F	9.1
1.55	232	86.4F	9.1
1.60	255	86.3F	9.1
1.65	278	86.4F	9.1
1.70	300	86.4F	9.1
1.75	325	86.4F	9.1
1.80	354	86.4F	9.1
1.85	382	86.4F	9.1
1.90	410	86.4F	9.1
1.95	437	86.4F	9.1
2.00	472	86.3F	9.1
2.05	502	86.4F	9.1
2.10	536	86.4F	9.1
2.15	571	86.4F	9.1
2.20	600	86.4F	9.1
2.25	640	86.4F	9.1
2.30	674	86.4F	9.1
2.35	712	86.4F	9.1
2.40	730	86.4F	9.1
2.45	772	86.4F	9.1
2.50	869	86.4F	9.1
2.55	922	86.4F	9.1
2.60	987	86.4F	9.1
2.65	1024	86.3F	9.1
2.70	1088	86.4F	9.1
2.75	1146	86.4F	9.1
2.80	1189	86.4F	9.1
2.85	1240	86.4F	9.1
2.90	1306	86.4F	9.1
2.95	1362	86.4F	9.1
3.00	1408	86.4F	9.1
3.05	1447	86.4F	9.1
3.10	1506	86.4F	9.1
3.15	1559	86.4F	9.1
3.20	1607	86.4F	9.1
3.25	1657	86.4F	9.1
3.30	1701	86.4F	9.1
3.35	1711	86.4F	9.1
3.40	1780	86.4F	9.1
3.45	1829	86.4F	9.1
3.50	1855	86.4F	9.1
3.55	1919	86.4F	9.1
3.60	1966	86.4F	9.1
3.65	2013	86.4F	9.1
3.70	2059	86.4F	9.1
3.75	2101	86.4F	9.1
3.80	2147	86.4F	9.1
3.85	2189	86.4F	9.1
3.90	2215	86.4F	9.1
3.95	2267	86.4F	9.1
4.00	2307	86.4F	9.1
4.05	2332	86.4F	9.1
4.10	2389	86.4F	9.1
4.15	2437	86.4F	9.1
4.20	2479	86.4F	9.1
4.25	2529	86.4F	9.1
4.30	2557	86.4F	9.1
4.35	2592	86.4F	9.1
4.40	2647	86.4F	9.1
4.45	2685	86.4F	9.1
4.50	2715	86.4F	9.1
4.55	2757	86.4F	9.1
4.60	2804	86.4F	9.1
4.65	2851	86.4F	9.1
4.70	2897	86.4F	9.1
4.75	2929	86.4F	9.1
4.80	2944	86.5F	9.1
4.85	2982	86.4F	9.1
4.90	3036	86.4F	9.1
4.95	3074	86.4F	9.1
5.00	3097	86.5F	9.1
5.05	3144	86.5F	9.1
5.10	3186	86.4F	9.1
5.15	3222	86.4F	9.1
5.20	3261	86.4F	9.1
5.25	3302	86.4F	9.1
5.30	3332	86.4F	9.1
5.35	3366	86.4F	9.1
5.40	3406	86.4F	9.1
5.45	3442	86.4F	9.1
5.50	3483	86.4F	9.1
5.55	3516	86.4F	9.1
5.60	3550	86.4F	9.1
5.65	3586	86.4F	9.1
5.70	3625	86.4F	9.1
5.75	3660	86.4F	9.1
5.80	3698	86.4F	9.1
5.85	3733	86.4F	9.1
5.90	3769	86.4F	9.1
5.95	3801	86.4F	9.1
6.00	3835	86.4F	9.1
6.05	3874	86.4F	9.1
6.10	3907	86.4F	9.1
6.15	3938	86.4F	9.1
6.20	3974	86.4F	9.1
6.25	4014	86.4F	9.1
6.30	4046	86.4F	9.1
6.35	4075	86.4F	9.1
6.40	4110	86.4F	9.1
6.45	4143	86.4F	9.1
6.50	4174	86.4F	9.1
6.55	4208	86.4F	9.1
6.60	4238	86.4F	9.1
6.65	4271	86.4F	9.1
6.70	4304	86.4F	9.1
6.75	4338	86.4F	9.1
6.80	4368	86.4F	9.1
6.85	4398	86.4F	9.1
6.90	4430	86.4F	9.1
6.95	4461	86.4F	9.1
7.00	4491	86.4F	9.1
7.05	4519	86.4F	9.1
7.10	4552	86.4F	9.1
7.15	4585	86.4F	9.1
7.20	4614	86.4F	9.1
7.25	4646	86.4F	9.1
7.30	4679	86.4F	9.1
7.35	4701	86.4F	9.1
7.40	4724	86.4F	9.1
7.45	4753	86.4F	9.1
7.50	4786	86.4F	9.1
7.55	4813	86.4F	9.1
7.60	4841	86.4F	9.1
7.65	4870	86.4F	9.1
7.70	4901	86.4F	9.1
7.75	4930	86.4F	9.1
7.80	4954	86.4F	9.1
7.85	4984	86.4F	9.1
7.90	5014	86.4F	9.1
7.95	5041	86.4F	9.1
8.00	5070	86.4F	9.1
8.05	5097	86.4F	9.1
8.10	5123	86.4F	9.1
8.15	5152	86.4F	9.1
8.20	5178	86.4F	9.1
8.25	5205	86.4F	9.1
8.30	5231	86.4F	9.1
8.35	5259	86.4F	9.1
8.40	5287	86.4F	9.1
8.45	5314	86.4F	9.1
8.50	5340	86.4F	9.1
8.55	5367	86.4F	9.1
8.60	5393	86.4F	9.1
8.65	5420	86.4F	9.1
8.70	5443	86.4F	9.1
8.75	5469	86.4F	9.1
8.80	5491	86.4F	9.1
8.85	5516	86.4F	9.1
8.90	5541	86.4F	9.1
8.95	5563	86.4F	9.1
9.00	5589	86.4F	9.1
9.05	5616	86.4F	9.1
9.10	5639	86.4F	9.1
9.15	5662	86.4F	9.1
9.20	5683	86.4F	9.1
9.25	5709	86.4F	9.1
9.30	5730	86.4F	9.1
9.35	5756	86.4F	9.1
9.40	5779	86.4F	9.1
9.45	5802	86.4F	9.1
9.50	5823	86.4F	9.1
9.55	5846	86.4F	9.1
9.60	5869	86.4F	9.1
9.65	5892	86.4F	9.1
9.70	5913	86.4F	9.1
9.75	5934	86.4F	9.1
9.80	5956	86.5F	9.1
9.85	5978	86.4F	9.1
9.90	5999	86.5F	9.1
9.95	6022	86.5F	9.1
10.00	6043	86.5F	9.1
10.05	6065	86.5F	9.1
10.10	6087	86.5F	9.1
10.15	6109	86.5F	9.1
10.20	6128	86.5F	9.1
10.25	6150	86.5F	9.1
10.30	6171	86.5F	9.1
10.35	6193	86.5F	9.1
10.40	6213	86.5F	9.1
10.45	6230	86.5F	9.1
10.50	6252	86.5F	9.1
10.55	6272	86.5F	9.1
10.60	6292	86.5F	9.1
10.65	6310	86.5F	9.1
10.70	6330	86.5F	9.1
10.75	6350	86.5F	9.1
10.80	6368	86.5F	9.1
10.85	6388	86.5F	9.1
10.90	6408	86.5F	9.1
10.95	6427	86.5F	9.1
11.00	6444	86.5F	9.1
11.05	6465	86.5F	9.1
11.10	6485	86.5F	9.1
11.15	6504	86.5F	9.1
11.20	6523	86.5F	9.1
11.25	6544	86.5F	9.1
11.30	6559	86.5F	9.1
11.35	6578	86.5F	9.1
11.40	6597	86.5F	9.1
11.45	6613	86.5F	9.1
11.50	6632	86.5F	9.1
11.55	6650	86.5F	9.1
11.60	6666	86.5F	9.1
11.65	6684	86.5F	9.1
11.70	6701	86.5F	9.1
11.75	6719	86.5F	9.1
11.80	6737	86.5F	9.1
11.85	6754	86.5F	9.1
11.90	6771	86.5F	9.1
11.95	6788	86.5F	9.1
12.00	6804	86.5F	9.1
12.05	6819	86.5F	9.1
12.10	6836	86.5F	9.1
12.15	6853	86.5F	9.1
12.20	6867	86.5F	9.1
12.25	6886	86.5F	9.1
12.30	6902	86.5F	9.1
12.35	6918	86.5F	9.1
12.40	6934	86.5F	9.1
12.45	6947	86.5F	9.1
12.50	6965	86.5F	9.1
12.55	6981	86.5F	9.1
12.60	6995	86.5F	9.1
12.65	7012	86.5F	9.1
12.70	7028	86.5F	9.1
12.75	7042	86.5F	9.1
12.80	7056	86.5F	9.1
12.85	7071	86.5F	9.1
12.90	7087	86.5F	9.1
12.95	7101	86.5F	9.1
13.00	7118	86.5F	9.1
13.05	7132	86.5F	9.1
13.10	7146	86.5F	9.1
13.15	7159	86.5F	9.1
13.20	7173	86.5F	9.1
13.25	7188	86.5F	9.1
13.30	7202	86.5F	9.1
13.35	7216	86.5F	9.1
13.40	7229	86.5F	9.1
13.45	7243	86.5F	9.1
13.50	7255	86.5F	9.1
13.55	7268	86.5F	9.1
13.60	7284	86.5F	9.1
13.65	7295	86.5F	9.1
13.70	7308	86.5F	9.1
13.75	7322	86.5F	9.1
13.80	7336	86.5F	9.1
13.85	7349	86.5F	9.1
13.90	7361	86.5F	9.1
13.95	7375	86.5F	9.1
14.00	7387	86.5F	9.1
14.05	7400	86.5F	9.1
14.10	7412	86.5F	9.1
14.15	7425	86.5F	9.1
14.20	7435	86.5F	9.1
14.25	7449	86.5F	9.1
14.30	7461	86.5F	9.1
14.35	7473	86.5F	9.1
14.40	7484	86.5F	9.1
14.45	7496	86.5F	9.1
14.50	7507	86.5F	9.1
14.55	7520	86.5F	9.1
14.60	7532	86.5F	9.1
14.65	7542	86.5F	9.1
14.70	7554	86.5F	9.1
14.75	7566	86.5F	9.1
14.80	7575	86.5F	9.1
14.85	7587	86.5F	9.1
14.90	7597	86.5F	9.1
14.95	7609	86.5F	9.1
15.00	7618	86.5F	9.1
15.05	7630	86.5F	9.1
15.10	7640	86.5F	9.1
15.15	7650	86.5F	9.1
15.20	7659	86.5F	9.1
15.25	7669	86.5F	9.1
15.30	7680	86.5F	9.1
15.35	7689	86.5F	9.1
15.40	7699	86.5F	9.1
15.45	7710	86.5F	9.1
15.50	7721	86.5F	9.1
15.55	7731	86.5F	9.1
15.60	7741	86.5F	9.1
15.65	7748	86.5F	9.1
15.70	7758	86.5F	9.1
15.75	7768	86.5F	9.1
15.80	7778	86.5F	9.1
15.85	7789	86.5F	9.1
15.90	7796	86.5F	9.1
15.95	7805	86.5F	9.1
16.00	7813	86.5F	9.1
16.05	7822	86.5F	9.1
16.10	7830	86.5F	9.1
16.15	7840	86.5F	9.1
16.20	7847	86.5F	9.1
16.25	7855	86.5F	9.1
16.30	7865	86.5F	9.1
16.35	7874	86.5F	9.1
16.40	7881	86.5F	9.1
16.45	7889	86.5F	9.1
16.50	7897	86.5F	9.1
16.55	7906	86.5F	9.1
16.60	7915	86.5F	9.1
16.65	7919	86.5F	9.1
16.70	7930	86.5F	9.1
16.75	7936	86.5F	9.1
16.80	7944	86.5F	9.1
16.85	7951	86.5F	9.1
16.90	7958	86.5F	9.1
16.95	7965	86.5F	9.1
17.00	7973	86.5F	9.1
17.05	7979	86.5F	9.1
17.10	7986	86.5F	9.1
17.15	7993	86.5F	9.1
17.20	7998	86.5F	9.1
17.25	8006	86.5F	9.1
17.30	8012	86.5F	9.1
17.35	8019	86.5F	9.1
17.40	8025	86.5F	9.1
17.45	8032	86.5F	9.1
17.50	8037	86.5F	9.1
17.55	8044	86.5F	9.1
17.60	8050	86.5F	9.1
17.65	8056	86.5F	9.1
17.70	8062	86.5F	9.1
17.75	8067	86.5F	9.1
17.80	8075	86.5F	9.1
17.85	8079	86.5F	9.1
17.90	8086	86.5F	9.1
17.95	8090	86.5F	9.1
18.00	8094	86.5F	9.1
18.05	8100	86.5F	9.1
18.10	8106	86.5F	9.1
18.15	8111	86.5F	9.1
18.20	8116	86.5F	9.1
18.25	8120	86.5F	9.1
18.30	8125	86.5F	9.1
18.35	8131	86.5F	9.1
18.40	8136	86.5F	9.1
18.45	8141	86.5F	9.1
18.50	8144	86.5F	9.1
18.55	8151	86.5F	9.1
18.60	8154	86.5F	9.1
18.65	8157	86.5F	9.1
18.70	8163	86.5F	9.1
18.75	8167	86.5F	9.1
18.80	8171	86.5F	9.1
18.85	8174	86.5F	9.1
18.90	8180	86.5F	9.1
18.95	8185	86.5F	9.1
19.00	8187	86.5F	9.1
19.05	8190	86.5F	9.1
19.10	8193	86.5F	9.1
19.15	8196	86.5F	9.1
19.20	8202	86.5F	9.1
19.25	8205	86.5F	9.1
19.30	8207	86.5F	9.1
19.35	8211	86.5F	9.1
19.40	8214	86.5F	9.1
19.45	8217	86.5F	9.1
19.50	8219	86.5F	9.1
19.55	8223	86.5F	9.1
19.60	8225	86.5F	9.1
19.65	8228	86.5F	9.1
19.70	8230	86.5F	9.1
19.75	8233	86.5F	9.1
19.80	8235	86.5F	9.1
19.85	8238	86.5F	9.1
19.90	8239	86.5F	9.1
19.95	8241	86.5F	9.1
20.00	8243	86.5F	9.1
20.05	8244	86.5F	9.1
20.10	8247	86.5F	9.1
20.15	8249	86.5F	9.1
20.20	8253	86.5F	9.1
20.25	8254	86.5F	9.1
20.30	8254	86.5F	9.1
20.35	8257	86.5F	9.1
20.40	8257	86.5F	9.1
20.45	8259	86.5F	9.1
20.50	8261	86.5F	9.1
20.55	8262	86.5F	9.1
20.60	8264	86.5F	9.1
20.65	8265	86.5F	9.1
20.70	8266	86.5F	9.1
20.75	8266	86.5F	9.1
20.80	8267	86.5F	9.1
20.85	8268	86.5F	9.1
20.90	8269	86.5F	9.1
20.95	8269	86.5F	9.1
21.00	8272	86.5F	9.1
21.05	8270	86.5F	9.1
21.10	8270	86.5F	9.1
21.15	8269	86.5F	9.0
21.20	8259	86.5F	9.1
21.25	8201	86.5F	8.8
21.30	8272	86.5F	9.0
21.35	8272	86.5F	9.1
21.40	8272	86.5F	9.1
21.45	8274	86.5F	9.1
21.50	8274	86.5F	9.1
21.55	8275	86.5F	9.1
21.60	8275	86.5F	9.1
21.65	8274	86.5F	9.1
21.70	8275	86.5F	9.1
21.75	8274	86.5F	9.1
21.80	8275	86.5F	9.1
21.85	8275	86.5F	9.1
21.90	8274	86.5F	9.1
21.95	8274	86.5F	9.1
22.00	8275	86.5F	9.1
22.05	8275	86.5F	9.1
22.10	8281	86.5F	9.1
22.15	8273	86.5F	9.1
22.20	8272	86.5F	9.1
22.25	8280	86.5F	9.1
22.30	8285	86.5F	9.1
22.35	8285	86.5F	9.1
22.40	8275	86.5F	9.1
22.45	8274	86.5F	9.1
22.50	8270	86.5F	9.1
22.55	8268	86.5F	9.1
22.60	8269	86.5F	9.1
22.65	8268	86.5F	9.1
22.70	8264	86.5F	9.1
22.75	8263	86.5F	9.1
22.80	8260	86.5F	9.1
22.85	8256	86.5F	9.1
22.90	8251	86.5F	9.1
22.95	8249	86.5F	9.1
23.00	8248	86.5F	9.1
23.05	8245	86.5F	9.1
23.10	8248	86.5F	9.1
23.15	8247	86.5F	9.1
23.20	8245	86.5F	9.1
23.25	8246	86.5F	9.1
23.30	8241	86.5F	9.1
23.35	8237	86.5F	9.1
23.40	8239	86.5F	9.1
23.45	8244	86.5F	9.1
23.50	8245	86.5F	9.1
23.55	8244	86.5F	9.1
23.60	8245	86.5F	9.1
23.65	8245	86.5F	9.1
23.70	8245	86.5F	9.1
23.75	8240	86.5F	9.1
23.80	8230	86.5F	9.1
23.85	8224	86.5F	9.1
23.90	8208	86.5F	9.1
23.95	8203	86.5F	9.1
24.00	8192	86.5F	9.1
24.05	8186	86.5F	9.1
24.10	8181	86.5F	9.1
24.15	8179	86.5F	9.1
24.20	8178	86.5F	9.1
24.25	8181	86.5F	9.1
24.30	8173	86.5F	9.1
24.35	8170	86.5F	9.1
24.40	8167	86.5F	9.1
24.45	8173	86.5F	9.1
24.50	8171	86.5F	9.1
24.55	8166	86.5F	9.1
24.60	8159	86.5F	9.1
24.65	8153	86.5F	9.1
24.70	8152	86.5F	9.1
24.75	8149	86.5F	9.1
24.80	8142	86.5F	9.1
24.85	8137	86.5F	9.1
24.90	8134	86.5F	9.1
24.95	8130	86.5F	9.1
25.00	8125	86.5F	9.1
25.05	8125	86.5F	9.1
25.10	8124	86.5F	9.1
25.15	8121	86.5F	9.1
25.20	8118	86.5F	9.1
25.25	8113	86.5F	9.1
25.30	8108	86.5F	9.1
25.35	8103	86.5F	9.1
25.40	8102	86.5F	9.1
25.45	8108	86.5F	9.1
25.50	8103	86.5F	9.1
25.55	8098	86.5F	9.1
25.60	8105	86.5F	9.1
25.65	8103	86.5F	9.1
25.70	8097	86.5F	9.1
25.75	8086	86.5F	9.1
25.80	8081	86.5F	9.1
25.85	8072	86.5F	9.1
25.90	8070	86.5F	9.1
25.95	8065	86.5F	9.1
26.00	8064	86.5F	9.1
26.05	8060	86.5F	9.1
26.10	8056	86.5F	9.1
26.15	8053	86.5F	9.1
26.20	8052	86.5F	9.1
26.25	8050	86.5F	9.1
26.30	8049	86.5F	9.1
26.35	8046	86.5F	9.1
26.40	8038	86.5F	9.1
26.45	8038	86.5F	9.1
26.50	8051	86.5F	9.1
26.55	8056	86.5F	9.1
26.60	8051	86.5F	9.1
26.65	8046	86.5F	9.1
26.70	8042	86.5F	9.1
26.75	8041	86.5F	9.1
26.80	8012	86.5F	9.1
26.85	8008	86.5F	9.1
26.90	8003	86.5F	9.1
26.95	7999	86.5F	9.1
27.00	7997	86.5F	9.1
27.05	7995	86.5F	9.1
27.10	7992	86.5F	9.1
27.15	7988	86.5F	9.1
27.20	7988	86.5F	9.1
27.25	7984	86.5F	9.1
27.30	7984	86.5F	9.1
27.35	7983	86.5F	9.1
27.40	7983	86.5F	9.1
27.45	7980	86.5F	9.1
27.50	7984	86.5F	9.1
27.55	7983	86.5F	9.1
27.60	7985	86.5F	9.1
27.65	7975	86.5F	9.1
27.70	7974	86.5F	9.1
27.75	7959	86.5F	9.1
27.80	7955	86.5F	9.1
27.85	7947	86.5F	9.1
27.90	7935	86.5F	9.1
27.95	7932	86.5F	9.1
28.00	7928	86.5F	9.1
28.05	7925	86.5F	9.1
28.10	7921	86.5F	9.1
28.15	7919	86.5F	9.1
28.20	7914	86.5F	9.1
28.25	7911	86.5F	9.1
28.30	7908	86.5F	9.1
28.35	7905	86.5F	9.1
28.40	7904	86.5F	9.1
28.45	7900	86.5F	9.1
28.50	7897	86.5F	9.1
28.55	7896	86.5F	9.1
28.60	7894	86.5F	9.1
28.65	7888	86.5F	9.1
28.70	7884	86.5F	9.1
28.75	7879	86.5F	9.1
28.80	7874	86.5F	9.1
28.85	7874	86.5F	9.1
28.90	7872	86.5F	9.1
28.95	7868	86.5F	9.1
29.00	7866	86.5F	9.1
29.05	7860	86.5F	9.1
29.10	7862	86.5F	9.1
29.15	7857	86.5F	9.1
29.20	7852	86.5F	9.1
29.25	7850	86.5F	9.1
29.30	7843	86.5F	9.1
29.35	7838	86.5F	9.1
29.40	7834	86.5F	9.1
29.45	7830	86.5F	9.1
29.50	7826	86.5F	9.1
29.55	7822	86.5F	9.1
29.60	7819	86.5F	9.1
29.65	7817	86.5F	9.1
29.70	7816	86.5F	9.1
29.75	7812	86.5F	9.1
29.80	7808	86.5F	9.1
29.85	7808	86.5F	9.1
29.90	7811	86.5F	9.1
29.95	7809	86.5F	9.1
30.00	7821	86.5F	9.1
30.05	7803	86.5F	9.1
30.10	7801	86.5F	9.1
30.15	7791	86.5F	9.1
30.20	7786	86.5F	9.1
30.25	7781	86.5F	9.1
30.30	7776	86.5F	9.1
30.35	7772	86.5F	9.1
30.40	7770	86.5F	9.1
30.45	7765	86.5F	9.1
30.50	7758	86.5F	9.1
30.55	7755	86.5F	9.1
30.60	7751	86.5F	9.1
30.65	7749	86.5F	9.1
30.70	7746	86.5F	9.1
30.75	7748	86.5F	9.1
30.80	7744	86.5F	9.1
30.85	7739	86.5F	9.1
30.90	7737	86.5F	9.1
30.95	7736	86.5F	9.1
31.00	7731	86.5F	9.1
31.05	7715	86.5F	9.1
31.10	7709	86.5F	9.1
31.15	7708	86.5F	9.1
31.20	7705	86.5F	9.1
31.25	7700	86.5F	9.1
31.30	7696	86.5F	9.1
31.35	7693	86.5F	9.1
31.40	7689	86.5F	9.1
31.45	7686	86.5F	9.1
31.50	7682	86.5F	9.1
31.55	7680	86.5F	9.1
31.60	7679	86.5F	9.1
31.65	7679	86.5F	9.1
31.70	7677	86.5F	9.1
31.75	7672	86.5F	9.1
31.80	7667	86.5F	9.1
31.85	7666	86.4F	9.1
31.90	7663	86.5F	9.1
31.95	7659	86.5F	9.1
32.00	7654	86.5F	9.1
32.05	7650	86.5F	9.1
32.10	7644	86.5F	9.1
32.15	7640	86.5F	9.1
32.20	7635	86.5F	9.1
32.25	7633	86.4F	9.1
32.30	7630	86.4F	9.1
32.35	7626	86.4F	9.1
32.40	7624	86.4F	9.1
32.45	7620	86.4F	9.1
32.50	7619	86.4F	9.1
32.55	7616	86.5F	9.1
32.60	7615	86.4F	9.1
32.65	7612	86.4F	9.1
32.70	7608	86.4F	9.1
32.75	7603	86.4F	9.1
32.80	7598	86.4F	9.1
32.85	7591	86.4F	9.1
32.90	7586	86.4F	9.1
32.95	7582	86.4F	9.1
33.00	7576	86.4F	9.1
33.05	7573	86.4F	9.1
33.10	7568	86.5F	9.1
33.15	7565	86.4F	9.1
33.20	7561	86.4F	9.1
33.25	7558	86.4F	9.1
33.30	7556	86.4F	9.1
33.35	7554	86.4F	9.1
33.40	7553	86.4F	9.1
33.45	7551	86.4F	9.1
33.50	7552	86.4F	9.1
33.55	7548	86.4F	9.1
33.60	7547	86.4F	9.1
33.65	7542	86.4F	9.1
33.70	7535	86.4F	9.1
33.75	7534	86.4F	9.1
33.80	7529	86.4F	9.1
33.85	7520	86.4F	9.1
33.90	7515	86.4F	9.1
33.95	7510	86.4F	9.1
34.00	7505	86.4F	9.1
34.05	7502	86.4F	9.1
34.10	7500	86.4F	9.1
34.15	7495	86.4F	9.1
34.20	7492	86.4F	9.1
34.25	7489	86.4F	9.1
34.30	7490	86.4F	9.1
34.35	7488	86.4F	9.1
34.40	7490	86.4F	9.1
34.45	7485	86.4F	9.1
34.50	7484	86.4F	9.1
34.55	7484	86.4F	9.1
34.60	7481	86.4F	9.1
34.65	7469	86.4F	9.1
34.70	7463	86.4F	9.1
34.75	7455	86.4F	9.1
34.80	7451	86.4F	9.1
34.85	7446	86.4F	9.1
34.90	7440	86.4F	9.1
34.95	7438	86.4F	9.1
35.00	7435	86.4F	9.1
35.05	7431	86.4F	9.1
35.10	7430	86.4F	9.1
35.15	7427	86.4F	9.1
35.20	7426	86.4F	9.1
35.25	7423	86.4F	9.1
35.30	7418	86.4F	9.1
35.35	7412	86.4F	9.1
35.40	7406	86.4F	9.1
35.45	7405	86.4F	9.1
35.50	7403	86.4F	9.1
35.55	7398	86.4F	9.1
35.60	7392	86.4F	9.1
35.65	7389	86.4F	9.1
35.70	7387	86.4F	9.1
35.75	7385	86.4F	9.1
35.80	7383	86.4F	9.1
35.85	7379	86.4F	9.1
35.90	7376	86.4F	9.1
35.95	7374	86.4F	9.1
36.00	7369	86.4F	9.1
36.05	7367	86.4F	9.1
36.10	7367	86.4F	9.1
36.15	7362	86.4F	9.1
36.20	7355	86.4F	9.1
36.25	7350	86.4F	9.1
36.30	7348	86.4F	9.1
36.35	7342	86.4F	9.1
36.40	7340	86.4F	9.1
36.45	7335	86.4F	9.1
36.50	7332	86.4F	9.1
36.55	7329	86.4F	9.1
36.60	7326	86.4F	9.1
36.65	7324	86.4F	9.1
36.70	7321	86.4F	9.1
36.75	7316	86.4F	9.1
36.80	7313	86.4F	9.1
36.85	7311	86.4F	9.1
36.90	7310	86.4F	9.1
36.95	7307	86.4F	9.1
37.00	7304	86.4F	9.1
37.05	7301	86.4F	9.1
37.10	7295	86.4F	9.1
37.15	7289	86.4F	9.1
37.20	7283	86.4F	9.1
37.25	7281	86.4F	9.1
37.30	7278	86.4F	9.1
37.35	7275	86.4F	9.1
37.40	7272	86.4F	9.1
37.45	7269	86.4F	9.1
37.50	7268	86.4F	9.1
37.55	7261	86.4F	9.1
37.60	7259	86.4F	9.1
37.65	7257	86.4F	9.1
37.70	7255	86.4F	9.1
37.75	7254	86.4F	9.1
37.80	7252	86.4F	9.1
37.85	7247	86.4F	9.1
37.90	7246	86.4F	9.1
37.95	7240	86.4F	9.1
38.00	7235	86.4F	9.1
38.05	7229	86.4F	9.1
38.10	7223	86.4F	9.1
38.15	7220	86.4F	9.1
38.20	7216	86.4F	9.1
38.25	7213	86.4F	9.1
38.30	7210	86.4F	9.1
38.35	7206	86.4F	9.1
38.40	7203	86.4F	9.1
38.45	7199	86.4F	9.1
38.50	7196	86.4F	9.1
38.55	7193	86.4F	9.1
38.60	7188	86.4F	9.1
38.65	7183	86.4F	9.1
38.70	7181	86.4F	9.1
38.75	7177	86.4F	9.1
38.80	7175	86.4F	9.1
38.85	7174	86.3F	9.1
38.90	7168	86.4F	9.1
38.95	7165	86.3F	9.1
39.00	7159	86.3F	9.1
39.05	7156	86.4F	9.1
39.10	7153	86.4F	9.1
39.15	7151	86.4F	9.1
39.20	7147	86.3F	9.1
39.25	7145	86.4F	9.1
39.30	7145	86.4F	9.1
39.35	7143	86.4F	9.1
39.40	7142	86.4F	9.1
39.45	7143	86.3F	9.1
39.50	7141	86.4F	9.1
39.55	7140	86.3F	9.1
39.60	7133	86.3F	9.1
39.65	7130	86.3F	9.1
39.70	7119	86.3F	9.1
39.75	7111	86.3F	9.1
39.80	7107	86.3F	9.1
39.85	7102	86.3F	9.1
39.90	7101	86.3F	9.1
39.95	7099	86.3F	9.1
40.00	7092	86.3F	9.1
40.05	7088	86.3F	9.1
40.10	7086	86.3F	9.1
40.15	7081	86.3F	9.1
40.20	7079	86.3F	9.1
40.25	7075	86.3F	9.1
40.30	7077	86.3F	9.1
40.35	7075	86.3F	9.1
40.40	7077	86.3F	9.1
40.45	7075	86.3F	9.1
40.50	7064	86.3F	9.1
40.55	7057	86.3F	9.1
40.60	7052	86.3F	9.1
40.65	7047	86.3F	9.1
40.70	7042	86.3F	9.1
40.75	7039	86.3F	9.1
40.80	7033	86.3F	9.1
40.85	7030	86.3F	9.1
40.90	7024	86.3F	9.1
40.95	7021	86.3F	9.1
41.00	7017	86.3F	9.1
41.05	7014	86.3F	9.1
41.10	7014	86.3F	9.1
41.15	7010	86.3F	9.1
41.20	7006	86.3F	9.1
41.25	7003	86.3F	9.1
41.30	6999	86.3F	9.1
41.35	6997	86.3F	9.1
41.40	6992	86.3F	9.1
41.45	6988	86.3F	9.1
41.50	6983	86.3F	9.1
41.55	6979	86.3F	9.1
41.60	6979	86.3F	9.1
41.65	6976	86.3F	9.1
41.70	6972	86.3F	9.1
41.75	6970	86.3F	9.1
41.80	6966	86.3F	9.1
41.85	6962	86.3F	9.1
41.90	6959	86.3F	9.1
41.95	6955	86.3F	9.1
42.00	6956	86.3F	9.1
42.05	6952	86.3F	9.1
42.10	6950	86.3F	9.1
42.15	6945	86.3F	9.1
42.20	6943	86.3F	9.1
42.25	6938	86.3F	9.1
42.30	6931	86.3F	9.1
42.35	6925	86.3F	9.1
42.40	6922	86.3F	9.1
42.45	6916	86.3F	9.1
42.50	6912	86.3F	9.1
42.55	6910	86.3F	9.1
42.60	6904	86.3F	9.1
42.65	6903	86.3F	9.1
42.70	6899	86.3F	9.1
42.75	6896	86.3F	9.1
42.80	6895	86.3F	9.1
42.85	6894	86.3F	9.1
42.90	6894	86.3F	9.1
42.95	6892	86.3F	9.1
43.00	6890	86.3F	9.1
43.05	6880	86.3F	9.1
43.10	6888	86.3F	9.1
43.15	6890	86.3F	9.1
43.20	6885	86.3F	9.1
43.25	6871	86.3F	9.1
43.30	6865	86.3F	9.1
43.35	6864	86.3F	9.1
43.40	6865	86.3F	9.1
43.45	6855	86.3F	9.1
43.50	6848	86.3F	9.1
43.55	6845	86.3F	9.1
43.60	6840	86.3F	9.1
43.65	6841	86.3F	9.1
43.70	6842	86.3F	9.1
43.75	6837	86.3F	9.1
43.80	6830	86.3F	9.1
43.85	6833	86.3F	9.1
43.90	6840	86.3F	9.1
43.95	6850	86.3F	9.1
44.00	6835	86.2F	9.1
44.05	6826	86.3F	9.1
44.10	6821	86.3F	9.1
44.15	6819	86.2F	9.1
44.20	6814	86.2F	9.1
44.25	6796	86.3F	9.1
44.30	6793	86.2F	9.1
44.35	6790	86.2F	9.1
44.40	6784	86.2F	9.1
44.45	6780	86.2F	9.1
44.50	6778	86.2F	9.1
44.55	6774	86.2F	9.1
44.60	6771	86.2F	9.1
44.65	6771	86.2F	9.1
44.70	6769	86.2F	9.1
44.75	6766	86.2F	9.1
44.80	6770	86.2F	9.1
44.85	6777	86.2F	9.1
44.90	6752	86.2F	9.1
44.95	6748	86.2F	9.1
45.00	6742	86.2F	9.1
45.05	6742	86.2F	9.1
45.10	6734	86.2F	9.1
45.15	6728	86.2F	9.1
45.20	6724	86.2F	9.1
45.25	6721	86.2F	9.1
45.30	6718	86.2F	9.1
45.35	6717	86.2F	9.1
45.40	6714	86.2F	9.1
45.45	6713	86.2F	9.1
45.50	6711	86.2F	9.1
45.55	6706	86.2F	9.1
45.60	6702	86.2F	9.1
45.65	6702	86.2F	9.1
45.70	6698	86.2F	9.1
45.75	6693	86.2F	9.1
45.80	6687	86.2F	9.1
45.85	6686	86.2F	9.1
45.90	6680	86.2F	9.1
45.95	6675	86.2F	9.1
46.00	6669	86.2F	9.1
46.05	6666	86.2F	9.1
46.10	6663	86.2F	9.1
46.15	6660	86.2F	9.1
46.20	6659	86.2F	9.1
46.25	6662	86.2F	9.1
46.30	6661	86.2F	9.1
46.35	6659	86.2F	9.1
46.40	6655	86.2F	9.1
46.45	6645	86.2F	9.1
46.50	6646	86.2F	9.1
46.55	6645	86.2F	9.1
46.60	6640	86.2F	9.1
46.65	6632	86.2F	9.1
46.70	6625	86.2F	9.1
46.75	6620	86.2F	9.1
46.80	6618	86.2F	9.1
46.85	6618	86.2F	9.1
46.90	6616	86.2F	9.1
46.95	6612	86.2F	9.1
47.00	6607	86.2F	9.1
47.05	6608	86.2F	9.1
47.10	6603	86.2F	9.1
47.15	6596	86.2F	9.1
47.20	6592	86.2F	9.1
47.25	6593	86.2F	9.1
47.30	6592	86.2F	9.1
47.35	6586	86.2F	9.1
47.40	6583	86.2F	9.1
47.45	6579	86.2F	9.1
47.50	6575	86.2F	9.1
47.55	6574	86.1F	9.1
47.60	6567	86.2F	9.1
47.65	6564	86.1F	9.1
47.70	6565	86.1F	9.1
47.75	6562	86.2F	9.1
47.80	6560	86.2F	9.1
47.85	6564	86.2F	9.1
47.90	6557	86.2F	9.1
47.95	6566	86.1F	9.1
48.00	6560	86.1F	9.1
48.05	6541	86.2F	9.1
48.10	6536	86.1F	9.1
48.15	6534	86.1F	9.1
48.20	6527	86.1F	9.1
48.25	6525	86.1F	9.1
48.30	6522	86.1F	9.1
48.35	6516	86.1F	9.1
48.40	6512	86.1F	9.1
48.45	6508	86.1F	9.1
48.50	6507	86.1F	9.1
48.55	6503	86.1F	9.1
48.60	6503	86.1F	9.1
48.65	6502	86.1F	9.1
48.70	6501	86.1F	9.1
48.75	6499	86.1F	9.1
48.80	6501	86.1F	9.1
48.85	6490	86.1F	9.1
48.90	6483	86.1F	9.1
48.95	6478	86.1F	9.1
49.00	6475	86.1F	9.1
49.05	6471	86.1F	9.1
49.10	6465	86.1F	9.1
49.15	6458	86.1F	9.1
49.20	6455	86.1F	9.1
49.25	6452	86.1F	9.1
49.30	6447	86.1F	9.1
49.35	6444	86.1F	9.1
49.40	6441	86.1F	9.1
49.45	6440	86.1F	9.1
49.50	6438	86.1F	9.1
49.55	6432	86.1F	9.1
49.60	6430	86.1F	9.1
49.65	6430	86.1F	9.1
49.70	6428	86.1F	9.1
49.75	6423	86.1F	9.1
49.80	6419	86.1F	9.1
49.85	6415	86.1F	9.1
49.90	6412	86.1F	9.1
49.95	6407	86.1F	9.1
50.00	6405	86.1F	9.1
50.05	6400	86.1F	9.1
50.10	6395	86.1F	9.1
50.15	6391	86.1F	9.1
50.20	6387	86.1F	9.1
50.25	6385	86.1F	9.1
50.30	6382	86.1F	9.1
50.35	6378	86.1F	9.1
50.40	6376	86.1F	9.1
50.45	6372	86.1F	9.1
50.50	6369	86.1F	9.1
50.55	6366	86.1F	9.1
50.60	6362	86.1F	9.1
50.65	6358	86.1F	9.1
50.70	6356	86.1F	9.1
50.75	6351	86.1F	9.1
50.80	6349	86.1F	9.1
50.85	6346	86.1F	9.1
50.90	6342	86.1F	9.1
50.95	6338	86.1F	9.1
51.00	6337	86.1F	9.1
51.05	6335	86.1F	9.1
51.10	6332	86.1F	9.1
51.15	6333	86.1F	9.1
51.20	6332	86.1F	9.1
51.25	6333	86.1F	9.1
51.30	6336	86.1F	9.1
51.35	6326	86.1F	9.1
51.40	6315	86.1F	9.1
51.45	6312	86.1F	9.1
51.50	6305	86.1F	9.1
51.55	6301	86.1F	9.1
51.60	6299	86.1F	9.1
51.65	6293	86.1F	9.1
51.70	6290	86.1F	9.1
51.75	6287	86.1F	9.1
51.80	6282	86.1F	9.1
51.85	6280	86.1F	9.1
51.90	6274	86.1F	9.1
51.95	6272	86.1F	9.1
52.00	6268	86.1F	9.1
52.05	6264	86.1F	9.1
52.10	6262	86.1F	9.1
52.15	6259	86.1F	9.1
52.20	6258	86.1F	9.1
52.25	6253	86.1F	9.1
52.30	6250	86.1F	9.1
52.35	6245	86.1F	9.1
52.40	6242	86.1F	9.1
52.45	6239	86.1F	9.1
52.50	6233	86.1F	9.1
52.55	6229	86.0F	9.1
52.60	6226	86.1F	9.1
52.65	6224	86.0F	9.1
52.70	6221	86.0F	9.1
52.75	6218	86.0F	9.1
52.80	6214	86.0F	9.1
52.85	6211	86.0F	9.1
52.90	6207	86.1F	9.1
52.95	6204	86.0F	9.1
53.00	6201	86.0F	9.1
53.05	6199	86.0F	9.1
53.10	6195	86.0F	9.1
53.15	6193	86.0F	9.1
53.20	6189	86.0F	9.1
53.25	6187	86.0F	9.1
53.30	6182	86.0F	9.1
53.35	6180	86.0F	9.1
53.40	6176	86.0F	9.1
53.45	6173	86.0F	9.1
53.50	6170	86.0F	9.1
53.55	6165	86.0F	9.1
53.60	6160	86.0F	9.1
53.65	6159	86.0F	9.1
53.70	6157	86.0F	9.1
53.75	6154	86.0F	9.1
53.80	6153	86.0F	9.1
53.85	6147	86.0F	9.1
53.90	6145	86.0F	9.1
53.95	6143	86.0F	9.1
54.00	6141	86.0F	9.1
54.05	6136	86.0F	9.1
54.10	6132	86.0F	9.1
54.15	6128	86.0F	9.1
54.20	6124	86.0F	9.1
54.25	6119	86.0F	9.1
54.30	6118	86.0F	9.1
54.35	6113	86.0F	9.1
54.40	6110	86.0F	9.1
54.45	6107	86.0F	9.1
54.50	6104	86.0F	9.1
54.55	6100	86.0F	9.1
54.60	6098	86.0F	9.1
54.65	6095	86.0F	9.1
54.70	6090	86.0F	9.1
54.75	6088	86.0F	9.1
54.80	6084	86.0F	9.1
54.85	6081	86.0F	9.1
54.90	6077	86.0F	9.1
54.95	6072	86.0F	9.1
55.00	6069	86.0F	9.1
55.05	6066	86.0F	9.1
55.10	6065	86.0F	9.1
55.15	6058	86.0F	9.1
55.20	6057	86.0F	9.1
55.25	6053	86.0F	9.1
55.30	6051	86.0F	9.1
55.35	6048	86.0F	9.1
55.40	6044	86.0F	9.1
55.45	6040	86.0F	9.1
55.50	6037	86.0F	9.1
55.55	6035	86.0F	9.1
55.60	6032	86.0F	9.1
55.65	6029	86.0F	9.1
55.70	6029	86.0F	9.1
55.75	6026	86.0F	9.1
55.80	6020	86.0F	9.1
55.85	6014	86.0F	9.1
55.90	6012	86.0F	9.1
55.95	6009	86.0F	9.1
56.00	6006	86.0F	9.1
56.05	6002	86.0F	9.1
56.10	5998	86.0F	9.1
56.15	5996	86.0F	9.1
56.20	5994	86.0F	9.1
56.25	5993	86.0F	9.1
56.30	5987	86.0F	9.1
56.35	5984	86.0F	9.1
56.40	5981	86.0F	9.1
56.45	5978	86.0F	9.1
56.50	5977	86.0F	9.1
56.55	5973	86.0F	9.1
56.60	5968	86.0F	9.1
56.65	5968	86.0F	9.1
56.70	5968	86.0F	9.1
56.75	5964	85.9F	9.1
56.80	5958	86.0F	9.1
56.85	5952	85.9F	9.1
56.90	5948	86.0F	9.1
56.95	5944	86.0F	9.1
57.00	5943	85.9F	9.1
57.05	5944	85.9F	9.1
57.10	5945	86.0F	9.1
57.15	5942	85.9F	9.1
57.20	5940	85.9F	9.1
57.25	5930	85.9F	9.1
57.30	5920	85.9F	9.1
57.35	5916	85.9F	9.1
57.40	5915	85.9F	9.1
57.45	5911	85.9F	9.1
57.50	5906	85.9F	9.1
57.55	5902	86.0F	9.1
57.60	5901	85.9F	9.1
57.65	5899	85.9F	9.1
57.70	5895	85.9F	9.1
57.75	5892	85.9F	9.1
57.80	5889	85.9F	9.1
57.85	5888	85.9F	9.1
57.90	5888	85.9F	9.1
57.95	5882	85.9F	9.1
58.00	5877	85.9F	9.1
58.05	5881	85.9F	9.1
58.10	5888	85.9F	9.1
58.15	5880	85.9F	9.1
58.20	5868	85.9F	9.1
58.25	5867	85.9F	9.1
58.30	5867	85.9F	9.1
58.35	5861	85.9F	9.1
58.40	5853	85.9F	9.1
58.45	5848	85.9F	9.1
58.50	5845	85.9F	9.1
58.55	5839	85.9F	9.1
58.60	5837	85.9F	9.1
58.65	5833	85.9F	9.1
58.70	5832	85.9F	9.1
58.75	5832	85.9F	9.1
58.80	5829	85.9F	9.1
58.85	5831	85.9F	9.1
58.90	5834	85.9F	9.1
58.95	5828	85.9F	9.1
59.00	5820	85.9F	9.1
59.05	5815	85.9F	9.1
59.10	5817	85.9F	9.1
59.15	5809	85.9F	9.1
59.20	5801	85.9F	9.1
59.25	5792	85.9F	9.1
59.30	5790	85.9F	9.1
59.35	5787	85.9F	9.1
59.40	5781	85.9F	9.1
59.45	5778	85.9F	9.1
59.50	5774	85.9F	9.1
59.55	5772	85.9F	9.1
59.60	5767	85.9F	9.1
59.65	5766	85.9F	9.1
59.70	5766	85.9F	9.1
59.75	5768	85.9F	9.1
59.80	5767	85.9F	9.1
59.85	5758	85.9F	9.1
59.90	5760	85.9F	9.1
59.95	5757	85.9F	9.1
60.00	5757	85.9F	9.1
60.05	5748	85.9F	9.1
60.10	5737	85.9F	9.1
60.15	5733	85.9F	9.1
60.20	5732	85.9F	9.1
60.25	5725	85.9F	9.1
60.30	5722	85.9F	9.1
60.35	5719	85.9F	9.1
60.40	5714	85.9F	9.1
60.45	5711	85.9F	9.1
60.50	5710	85.9F	9.1
60.55	5709	85.9F	9.1
60.60	5707	85.9F	9.1
60.65	5707	85.9F	9.1
60.70	5702	85.9F	9.1
60.75	5706	85.9F	9.1
60.80	5703	85.9F	9.1
60.85	5699	85.9F	9.1
60.90	5694	85.9F	9.1
60.95	5691	85.9F	9.1
61.00	5682	85.8F	9.1
61.05	5677	85.9F	9.1
61.10	5673	85.8F	9.1
61.15	5667	85.8F	9.1
61.20	5664	85.8F	9.1
61.25	5662	85.8F	9.1
61.30	5658	85.8F	9.1
61.35	5658	85.8F	9.1
61.40	5657	85.8F	9.1
61.45	5655	85.8F	9.1
61.50	5644	85.8F	9.1
61.55	5649	85.8F	9.1
61.60	5646	85.8F	9.1
61.65	5644	85.8F	9.1
61.70	5636	85.8F	9.1
61.75	5630	85.8F	9.1
61.80	5628	85.8F	9.1
61.85	5626	85.8F	9.1
61.90	5624	85.8F	9.1
61.95	5621	85.8F	9.1
62.00	5618	85.8F	9.1
62.05	5617	85.8F	9.1
62.10	5617	85.8F	9.1
62.15	5618	85.8F	9.1
62.20	5606	85.8F	9.1
62.25	5607	85.8F	9.1
62.30	5604	85.8F	9.1
62.35	5603	85.8F	9.1
62.40	5593	85.8F	9.1
62.45	5586	85.8F	9.1
62.50	5586	85.8F	9.1
62.55	5581	85.8F	9.1
62.60	5576	85.8F	9.1
62.65	5572	85.8F	9.1
62.70	5566	85.8F	9.1
62.75	5563	85.8F	9.1
62.80	5559	85.8F	9.1
62.85	5557	85.8F	9.1
62.90	5557	85.8F	9.1
62.95	5558	85.8F	9.1
63.00	5556	85.8F	9.1
63.05	5548	85.8F	9.1
63.10	5545	85.8F	9.1
63.15	5547	85.8F	9.1
63.20	5546	85.8F	9.1
63.25	5536	85.8F	9.1
63.30	5529	85.8F	9.1
63.35	5527	85.8F	9.1
63.40	5524	85.8F	9.1
63.45	5521	85.8F	9.1
63.50	5516	85.8F	9.1
63.55	5512	85.8F	9.1
63.60	5509	85.8F	9.1
63.65	5506	85.8F	9.1
63.70	5506	85.8F	9.1
63.75	5505	85.8F	9.1
63.80	5501	85.8F	9.1
63.85	5496	85.8F	9.1
63.90	5493	85.8F	9.1
63.95	5491	85.8F	9.1
64.00	5490	85.8F	9.1
64.05	5489	85.8F	9.1
64.10	5482	85.8F	9.1
64.15	5474	85.8F	9.1
64.20	5469	85.8F	9.1
64.25	5465	85.8F	9.1
64.30	5460	85.8F	9.1
64.35	5459	85.8F	9.1
64.40	5456	85.8F	9.1
64.45	5452	85.8F	9.1
64.50	5449	85.8F	9.1
64.55	5448	85.8F	9.1
64.60	5444	85.8F	9.1
64.65	5443	85.8F	9.1
64.70	5438	85.7F	9.1
64.75	5436	85.7F	9.1
64.80	5435	85.8F	9.1
64.85	5436	85.8F	9.1
64.90	5432	85.8F	9.1
64.95	5422	85.8F	9.1
65.00	5421	85.7F	9.1
65.05	5415	85.7F	9.1
65.10	5410	85.8F	9.1
65.15	5403	85.7F	9.1
65.20	5399	85.8F	9.1
65.25	5396	85.7F	9.1
65.30	5393	85.7F	9.1
65.35	5390	85.7F	9.1
65.40	5388	85.7F	9.1
65.45	5384	85.7F	9.1
65.50	5386	85.7F	9.1
65.55	5383	85.7F	9.1
65.60	5382	85.7F	9.1
65.65	5374	85.7F	9.1
65.70	5371	85.7F	9.1
65.75	5363	85.7F	9.1
65.80	5360	85.7F	9.1
65.85	5359	85.7F	9.1
65.90	5356	85.7F	9.1
65.95	5352	85.7F	9.1
66.00	5347	85.7F	9.1
66.05	5343	85.7F	9.1
66.10	5339	85.7F	9.1
66.15	5334	85.7F	9.1
66.20	5331	85.7F	9.1
66.25	5331	85.7F	9.1
66.30	5328	85.7F	9.1
66.35	5324	85.7F	9.1
66.40	5321	85.7F	9.1
66.45	5318	85.7F	9.1
66.50	5314	85.7F	9.1
66.55	5309	85.7F	9.1
66.60	5306	85.7F	9.1
66.65	5305	85.7F	9.1
66.70	5301	85.7F	9.1
66.75	5298	85.7F	9.1
66.80	5293	85.7F	9.1
66.85	5288	85.7F	9.1
66.90	5285	85.7F	9.1
66.95	5283	85.7F	9.1
67.00	5280	85.7F	9.1
67.05	5278	85.7F	9.1
67.10	5275	85.7F	9.1
67.15	5273	85.7F	9.1
67.20	5269	85.7F	9.1
67.25	5265	85.7F	9.1
67.30	5263	85.7F	9.1
67.35	5263	85.7F	9.1
67.40	5257	85.7F	9.1
67.45	5253	85.7F	9.1
67.50	5248	85.7F	9.1
67.55	5245	85.7F	9.1
67.60	5242	85.7F	9.1
67.65	5240	85.7F	9.1
67.70	5238	85.7F	9.1
67.75	5236	85.7F	9.1
67.80	5237	85.7F	9.1
67.85	5232	85.7F	9.1
67.90	5229	85.7F	9.1
67.95	5226	85.7F	9.1
68.00	5225	85.7F	9.1
68.05	5223	85.7F	9.1
68.10	5216	85.7F	9.1
68.15	5211	85.6F	9.1
68.20	5210	85.7F	9.1
68.25	5207	85.7F	9.1
68.30	5203	85.7F	9.1
68.35	5201	85.6F	9.1
68.40	5194	85.6F	9.1
68.45	5189	85.7F	9.1
68.50	5186	85.7F	9.1
68.55	5185	85.6F	9.1
68.60	5181	85.6F	9.1
68.65	5178	85.6F	9.1
68.70	5178	85.6F	9.1
68.75	5172	85.6F	9.1
68.80	5170	85.6F	9.1
68.85	5164	85.6F	9.1
68.90	5163	85.6F	9.1
68.95	5159	85.6F	9.1
69.00	5157	85.6F	9.1
69.05	5155	85.6F	9.1
69.10	5148	85.6F	9.1
69.15	5146	85.6F	9.1
69.20	5142	85.6F	9.1
69.25	5138	85.6F	9.1
69.30	5134	85.6F	9.1
69.35	5129	85.6F	9.1
69.40	5126	85.6F	9.1
69.45	5123	85.6F	9.1
69.50	5120	85.6F	9.1
69.55	5116	85.6F	9.1
69.60	5114	85.6F	9.1
69.65	5112	85.6F	9.1
69.70	5110	85.6F	9.1
69.75	5106	85.6F	9.1
69.80	5103	85.6F	9.1
69.85	5098	85.6F	9.1
69.90	5096	85.6F	9.1
69.95	5088	85.6F	9.1
70.00	5085	85.6F	9.1
70.05	5080	85.6F	9.1
70.10	5079	85.6F	9.1
70.15	5074	85.6F	9.1
70.20	5070	85.6F	9.1
70.25	5067	85.6F	9.1
70.30	5065	85.6F	9.1
70.35	5061	85.6F	9.1
70.40	5059	85.6F	9.1
70.45	5057	85.6F	9.1
70.50	5057	85.6F	9.1
70.55	5054	85.6F	9.1
70.60	5051	85.6F	9.1
70.65	5048	85.6F	9.1
70.70	5043	85.6F	9.1
70.75	5038	85.6F	9.1
70.80	5034	85.6F	9.1
70.85	5030	85.6F	9.1
70.90	5028	85.6F	9.1
70.95	5024	85.6F	9.1
71.00	5020	85.6F	9.1
71.05	5015	85.6F	9.1
71.10	5013	85.6F	9.1
71.15	5010	85.6F	9.1
71.20	5008	85.6F	9.1
71.25	5008	85.6F	9.1
71.30	5006	85.6F	9.1
71.35	5004	85.6F	9.1
71.40	5003	85.6F	9.1
71.45	5001	85.6F	9.1
71.50	4994	85.6F	9.1
71.55	4989	85.6F	9.1
71.60	4986	85.6F	9.1
71.65	4983	85.6F	9.1
71.70	4980	85.6F	9.1
71.75	4977	85.5F	9.1
71.80	4972	85.6F	9.1
71.85	4969	85.5F	9.1
71.90	4968	85.5F	9.1
71.95	4963	85.5F	9.1
72.00	4958	85.5F	9.1
72.05	4954	85.5F	9.1
72.10	4950	85.5F	9.1
72.15	4948	85.5F	9.1
72.20	4944	85.5F	9.1
72.25	4940	85.5F	9.1
72.30	4940	85.5F	9.1
72.35	4944	85.5F	9.1
72.40	4941	85.5F	9.1
72.45	4940	85.5F	9.1
72.50	4944	85.5F	9.1
72.55	4940	85.5F	9.1
72.60	4936	85.5F	9.1
72.65	4929	85.5F	9.1
72.70	4921	85.5F	9.1
72.75	4912	85.5F	9.1
72.80	4910	85.5F	9.1
72.85	4904	85.5F	9.1
72.90	4903	85.5F	9.1
72.95	4895	85.5F	9.1
73.00	4891	85.5F	9.1
73.05	4886	85.5F	9.1
73.10	4886	85.5F	9.1
73.15	4882	85.5F	9.1
73.20	4880	85.5F	9.1
73.25	4877	85.5F	9.1
73.30	4876	85.5F	9.1
73.35	4872	85.5F	9.1
73.40	4868	85.5F	9.1
73.45	4866	85.5F	9.1
73.50	4860	85.5F	9.1
73.55	4857	85.5F	9.1
73.60	4858	85.5F	9.1
73.65	4854	85.5F	9.1
73.70	4852	85.5F	9.1
73.75	4848	85.4F	9.1
73.80	4841	85.4F	9.1
73.85	4836	85.4F	9.1
73.90	4831	85.4F	9.1
73.95	4827	85.4F	9.1
74.00	4826	85.4F	9.1
74.05	4821	85.4F	9.1
74.10	4817	85.4F	9.1
74.15	4813	85.4F	9.1
74.20	4810	85.4F	9.1
74.25	4808	85.4F	9.1
74.30	4806	85.4F	9.1
74.35	4803	85.4F	9.1
74.40	4802	85.4F	9.1
74.45	4796	85.4F	9.1
74.50	4792	85.4F	9.1
74.55	4790	85.4F	9.1
74.60	4787	85.4F	9.1
74.65	4786	85.4F	9.1
74.70	4786	85.4F	9.1
74.75	4782	85.4F	9.1
74.80	4778	85.4F	9.1
74.85	4776	85.4F	9.1
74.90	4770	85.4F	9.1
74.95	4763	85.4F	9.1
75.00	4759	85.4F	9.1
75.05	4754	85.4F	9.1
75.10	4751	85.4F	9.1
75.15	4747	85.4F	9.1
75.20	4745	85.4F	9.1
75.25	4741	85.4F	9.1
75.30	4739	85.4F	9.1
75.35	4737	85.4F	9.1
75.40	4733	85.4F	9.1
75.45	4731	85.4F	9.1
75.50	4729	85.4F	9.1
75.55	4728	85.4F	9.1
75.60	4727	85.4F	9.1
75.65	4729	85.4F	9.1
75.70	4726	85.4F	9.1
75.75	4726	85.4F	9.1
75.80	4719	85.4F	9.1
75.85	4712	85.4F	9.1
75.90	4706	85.4F	9.1
75.95	4701	85.4F	9.1
76.00	4696	85.4F	9.1
76.05	4691	85.4F	9.1
76.10	4687	85.4F	9.1
76.15	4684	85.4F	9.1
76.20	4680	85.4F	9.1
76.25	4677	85.4F	9.1
76.30	4673	85.4F	9.1
76.35	4672	85.4F	9.1
76.40	4669	85.4F	9.1
76.45	4667	85.4F	9.1
76.50	4666	85.4F	9.1
76.55	4665	85.4F	9.1
76.60	4661	85.4F	9.1
76.65	4657	85.4F	9.1
76.70	4650	85.4F	9.1
76.75	4643	85.4F	9.1
76.80	4639	85.4F	9.1
76.85	4637	85.4F	9.1
76.90	4632	85.4F	9.1
76.95	4630	85.4F	9.1
77.00	4626	85.4F	9.1
77.05	4622	85.4F	9.1
77.10	4619	85.3F	9.1
77.15	4617	85.4F	9.1
77.20	4616	85.3F	9.1
77.25	4612	85.3F	9.1
77.30	4611	85.3F	9.1
77.35	4607	85.3F	9.1
77.40	4604	85.3F	9.1
77.45	4603	85.3F	9.1
77.50	4600	85.3F	9.1
77.55	4597	85.3F	9.1
77.60	4595	85.3F	9.1
77.65	4589	85.3F	9.1
77.70	4585	85.3F	9.1
77.75	4581	85.3F	9.1
77.80	4577	85.3F	9.1
77.85	4571	85.3F	9.1
77.90	4568	85.3F	9.1
77.95	4563	85.3F	9.1
78.00	4558	85.3F	9.1
78.05	4554	85.3F	9.1
78.10	4551	85.3F	9.1
78.15	4549	85.3F	9.1
78.20	4544	85.3F	9.1
78.25	4544	85.3F	9.1
78.30	4542	85.3F	9.1
78.35	4543	85.3F	9.1
78.40	4538	85.3F	9.1
78.45	4533	85.3F	9.1
78.50	4529	85.3F	9.1
78.55	4526	85.3F	9.1
78.60	4522	85.3F	9.1
78.65	4517	85.3F	9.1
78.70	4510	85.3F	9.1
78.75	4506	85.3F	9.1
78.80	4502	85.3F	9.1
78.85	4499	85.3F	9.1
78.90	4495	85.3F	9.1
78.95	4493	85.3F	9.1
79.00	4490	85.3F	9.1
79.05	4488	85.3F	9.1
79.10	4484	85.3F	9.1
79.15	4480	85.3F	9.1
79.20	4478	85.3F	9.1
79.25	4474	85.3F	9.1
79.30	4471	85.3F	9.1
79.35	4468	85.3F	9.1
79.40	4463	85.3F	9.1
79.45	4461	85.3F	9.1
79.50	4458	85.2F	9.1
79.55	4454	85.3F	9.1
79.60	4451	85.3F	9.1
79.65	4445	85.3F	9.1
79.70	4443	85.2F	9.1
79.75	4439	85.3F	9.1
79.80	4435	85.2F	9.1
79.85	4433	85.2F	9.1
79.90	4429	85.2F	9.1
79.95	4427	85.2F	9.1
80.00	4424	85.2F	9.1
80.05	4424	85.2F	9.1
80.10	4422	85.2F	9.1
80.15	4417	85.2F	9.1
80.20	4416	85.2F	9.1
80.25	4408	85.2F	9.1
80.30	4404	85.2F	9.1
80.35	4400	85.2F	9.1
80.40	4395	85.2F	9.1
80.45	4393	85.2F	9.1
80.50	4390	85.2F	9.1
80.55	4386	85.2F	9.1
80.60	4384	85.2F	9.1
80.65	4380	85.2F	9.1
80.70	4378	85.2F	9.1
80.75	4373	85.2F	9.1
80.80	4369	85.2F	9.1
80.85	4366	85.2F	9.1
80.90	4361	85.2F	9.1
80.95	4359	85.2F	9.1
81.00	4354	85.2F	9.1
81.05	4351	85.2F	9.1
81.10	4349	85.2F	9.1
81.15	4345	85.2F	9.1
81.20	4341	85.2F	9.1
81.25	4339	85.2F	9.1
81.30	4333	85.2F	9.1
81.35	4330	85.2F	9.1
81.40	4327	85.2F	9.1
81.45	4322	85.2F	9.1
81.50	4319	85.2F	9.1
81.55	4316	85.2F	9.1
81.60	4311	85.2F	9.1
81.65	4308	85.2F	9.1
81.70	4305	85.2F	9.1
81.75	4301	85.2F	9.1
81.80	4298	85.2F	9.1
81.85	4297	85.2F	9.1
81.90	4294	85.2F	9.1
81.95	4290	85.2F	9.1
82.00	4286	85.2F	9.1
82.05	4281	85.2F	9.1
82.10	4277	85.2F	9.1
82.15	4272	85.2F	9.1
82.20	4269	85.2F	9.1
82.25	4264	85.2F	9.1
82.30	4263	85.2F	9.1
82.35	4259	85.2F	9.1
82.40	4256	85.2F	9.1
82.45	4251	85.2F	9.1
82.50	4248	85.2F	9.1
82.55	4243	85.2F	9.1
82.60	4240	85.2F	9.1
82.65	4238	85.2F	9.1
82.70	4234	85.2F	9.1
82.75	4233	85.2F	9.1
82.80	4232	85.2F	9.1
82.85	4228	85.2F	9.1
82.90	4222	85.2F	9.1
82.95	4218	85.2F	9.1
83.00	4215	85.2F	9.1
83.05	4211	85.2F	9.1
83.10	4206	85.1F	9.1
83.15	4203	85.1F	9.1
83.20	4203	85.1F	9.1
83.25	4199	85.1F	9.1
83.30	4194	85.1F	9.1
83.35	4192	85.1F	9.1
83.40	4187	85.1F	9.1
83.45	4183	85.1F	9.1
83.50	4180	85.1F	9.1
83.55	4176	85.1F	9.1
83.60	4175	85.1F	9.1
83.65	4174	85.1F	9.1
83.70	4171	85.1F	9.1
83.75	4166	85.1F	9.1
83.80	4163	85.1F	9.1
83.85	4159	85.1F	9.1
83.90	4156	85.1F	9.1
83.95	4153	85.1F	9.1
84.00	4151	85.1F	9.1
84.05	4147	85.1F	9.1
84.10	4143	85.1F	9.1
84.15	4142	85.1F	9.1
84.20	4138	85.1F	9.1
84.25	4132	85.1F	9.1
84.30	4129	85.1F	9.1
84.35	4124	85.1F	9.1
84.40	4119	85.1F	9.1
84.45	4115	85.1F	9.1
84.50	4112	85.1F	9.1
84.55	4109	85.1F	9.1
84.60	4107	85.1F	9.1
84.65	4103	85.1F	9.1
84.70	4099	85.1F	9.1
84.75	4095	85.1F	9.1
84.80	4093	85.1F	9.1
84.85	4090	85.1F	9.1
84.90	4086	85.1F	9.1
84.95	4081	85.1F	9.1
85.00	4080	85.1F	9.1
85.05	4077	85.1F	9.1
85.10	4074	85.1F	9.1
85.15	4069	85.1F	9.1
85.20	4063	85.1F	9.1
85.25	4063	85.0F	9.1
85.30	4063	85.1F	9.1
85.35	4063	85.0F	9.1
85.40	4061	85.1F	9.1
85.45	4058	85.0F	9.1
85.50	4055	85.1F	9.1
85.55	4058	85.0F	9.1
85.60	4050	85.0F	9.1
85.65	4043	85.0F	9.1
85.70	4035	85.0F	9.1
85.75	4029	85.0F	9.1
85.80	4023	85.0F	9.1
85.85	4021	85.0F	9.1
85.90	4017	85.0F	9.1
85.95	4013	85.0F	9.1
86.00	4011	85.0F	9.1
86.05	4007	85.0F	9.1
86.10	4004	85.0F	9.1
86.15	4001	85.0F	9.1
86.20	3999	85.0F	9.1
86.25	3997	85.0F	9.1
86.30	3996	85.0F	9.1
86.35	3994	85.0F	9.1
86.40	3996	85.0F	9.1
86.45	3997	85.0F	9.1
86.50	3995	85.0F	9.1
86.55	3991	85.0F	9.1
86.60	3980	85.0F	9.1
86.65	3969	85.0F	9.1
86.70	3963	85.0F	9.1
86.75	3955	85.0F	9.1
86.80	3951	85.0F	9.1
86.85	3947	85.0F	9.1
86.90	3944	85.0F	9.1
86.95	3942	85.0F	9.1
87.00	3939	85.0F	9.1
87.05	3939	85.0F	9.1
87.10	3936	85.0F	9.1
87.15	3935	85.0F	9.1
87.20	3932	85.0F	9.1
87.25	3927	85.0F	9.1
87.30	3920	85.0F	9.1
87.35	3917	85.0F	9.1
87.40	3911	85.0F	9.1
87.45	3906	85.0F	9.1
87.50	3901	85.0F	9.1
87.55	3897	85.0F	9.1
87.60	3894	85.0F	9.1
87.65	3890	85.0F	9.1
87.70	3887	85.0F	9.1
87.75	3883	85.0F	9.1
87.80	3879	85.0F	9.1
87.85	3878	85.0F	9.1
87.90	3872	85.0F	9.1
87.95	3872	85.0F	9.1
88.00	3870	85.0F	9.1
88.05	3866	85.0F	9.1
88.10	3864	85.0F	9.1
88.15	3859	85.0F	9.1
88.20	3855	85.0F	9.1
88.25	3852	85.0F	9.1
88.30	3847	85.0F	9.1
88.35	3843	85.0F	9.1
88.40	3840	85.0F	9.1
88.45	3837	85.0F	9.1
88.50	3833	85.0F	9.1
88.55	3831	85.0F	9.1
88.60	3828	85.0F	9.1
88.65	3823	84.9F	9.1
88.70	3821	84.9F	9.1
88.75	3818	84.9F	9.1
88.80	3815	84.9F	9.1
88.85	3815	84.9F	9.1
88.90	3814	84.9F	9.1
88.95	3812	84.9F	9.1
89.00	3810	84.9F	9.1
89.05	3804	84.9F	9.1
89.10	3801	84.9F	9.1
89.15	3797	84.9F	9.1
89.20	3794	84.9F	9.1
89.25	3790	84.9F	9.1
89.30	3781	84.9F	9.1
89.35	3774	84.9F	9.1
89.40	3770	84.9F	9.1
89.45	3766	84.9F	9.1
89.50	3764	84.9F	9.1
89.55	3760	84.9F	9.1
89.60	3756	84.9F	9.1
89.65	3751	84.9F	9.1
89.70	3751	84.9F	9.1
89.75	3751	84.9F	9.1
89.80	3753	84.9F	9.1
89.85	3749	84.9F	9.1
89.90	3748	84.9F	9.1
89.95	3747	84.9F	9.1
90.00	3742	84.9F	9.1
90.05	3735	84.9F	9.1
90.10	3729	84.9F	9.1
90.15	3723	84.9F	9.1
90.20	3717	84.9F	9.1
90.25	3710	84.9F	9.1
90.30	3706	84.8F	9.1
90.35	3703	84.8F	9.1
90.40	3698	84.9F	9.1
90.45	3695	84.8F	9.1
90.50	3693	84.8F	9.1
90.55	3693	84.8F	9.1
90.60	3695	84.8F	9.1
90.65	3698	84.8F	9.1
90.70	3693	84.8F	9.1
90.75	3691	84.8F	9.1
90.80	3690	84.8F	9.1
90.85	3689	84.8F	9.1
90.90	3680	84.8F	9.1
90.95	3671	84.8F	9.1
91.00	3665	84.8F	9.1
91.05	3659	84.8F	9.1
91.10	3651	84.8F	9.1
91.15	3647	84.8F	9.1
91.20	3643	84.8F	9.1
91.25	3639	84.8F	9.1
91.30	3635	84.8F	9.1
91.35	3632	84.8F	9.1
91.40	3631	84.8F	9.1
91.45	3630	84.8F	9.1
91.50	3630	84.8F	9.1
91.55	3629	84.8F	9.1
91.60	3629	84.8F	9.1
91.65	3625	84.8F	9.1
91.70	3619	84.8F	9.1
91.75	3614	84.8F	9.1
91.80	3607	84.8F	9.1
91.85	3604	84.7F	9.1
91.90	3599	84.8F	9.1
91.95	3593	84.8F	9.1
92.00	3593	84.8F	9.1
92.05	3588	84.8F	9.1
92.10	3584	84.8F	9.1
92.15	3582	84.8F	9.1
92.20	3577	84.8F	9.1
92.25	3573	84.8F	9.1
92.30	3570	84.7F	9.1
92.35	3566	84.8F	9.1
92.40	3564	84.8F	9.1
92.45	3562	84.8F	9.1
92.50	3558	84.8F	9.1
92.55	3556	84.8F	9.1
92.60	3554	84.7F	9.1
92.65	3552	84.7F	9.1
92.70	3548	84.7F	9.1
92.75	3548	84.7F	9.1
92.80	3547	84.7F	9.1
92.85	3544	84.7F	9.1
92.90	3540	84.7F	9.1
92.95	3537	84.7F	9.1
93.00	3531	84.7F	9.1
93.05	3524	84.7F	9.1
93.10	3519	84.7F	9.1
93.15	3517	84.7F	9.1
93.20	3513	84.7F	9.1
93.25	3513	84.7F	9.1
93.30	3513	84.7F	9.1
93.35	3510	84.7F	9.1
93.40	3507	84.7F	9.1
93.45	3503	84.7F	9.1
93.50	3499	84.7F	9.1
93.55	3499	84.7F	9.1
93.60	3492	84.7F	9.1
93.65	3491	84.7F	9.1
93.70	3494	84.7F	9.1
93.75	3485	84.7F	9.1
93.80	3482	84.7F	9.1
93.85	3477	84.7F	9.1
93.90	3473	84.7F	9.1
93.95	3467	84.7F	9.1
94.00	3463	84.7F	9.1
94.05	3460	84.7F	9.1
94.10	3459	84.7F	9.1
94.15	3458	84.7F	9.1
94.20	3456	84.7F	9.1
94.25	3452	84.7F	9.1
94.30	3449	84.7F	9.1
94.35	3448	84.7F	9.1
94.40	3444	84.7F	9.1
94.45	3446	84.7F	9.1
94.50	3441	84.7F	9.1
94.55	3438	84.7F	9.1
94.60	3440	84.7F	9.1
94.65	3435	84.7F	9.1
94.70	3424	84.7F	9.1
94.75	3422	84.7F	9.1
94.80	3419	84.7F	9.1
94.85	3415	84.7F	9.1
94.90	3408	84.7F	9.1
94.95	3405	84.7F	9.1
95.00	3397	84.7F	9.1
95.05	3393	84.7F	9.1
95.10	3390	84.7F	9.1
95.15	3385	84.7F	9.1
95.20	3384	84.7F	9.1
95.25	3381	84.6F	9.1
95.30	3379	84.6F	9.1
95.35	3378	84.6F	9.1
95.40	3373	84.6F	9.1
95.45	3368	84.6F	9.1
95.50	3365	84.6F	9.1
95.55	3363	84.6F	9.1
95.60	3360	84.6F	9.1
95.65	3357	84.6F	9.1
95.70	3353	84.6F	9.1
95.75	3349	84.6F	9.1
95.80	3345	84.6F	9.1
95.85	3341	84.6F	9.1
95.90	3337	84.6F	9.1
95.95	3334	84.6F	9.1
96.00	3330	84.6F	9.1
96.05	3328	84.6F	9.1
96.10	3327	84.6F	9.1
96.15	3325	84.6F	9.1
96.20	3326	84.6F	9.1
96.25	3323	84.6F	9.1
96.30	3321	84.6F	9.1
96.35	3319	84.6F	9.1
96.40	3316	84.6F	9.1
96.45	3317	84.6F	9.1
96.50	3312	84.6F	9.1
96.55	3308	84.6F	9.1
96.60	3305	84.6F	9.1
96.65	3298	84.6F	9.1
96.70	3291	84.6F	9.1
96.75	3289	84.6F	9.1
96.80	3285	84.6F	9.1
96.85	3281	84.6F	9.1
96.90	3275	84.6F	9.1
96.95	3272	84.6F	9.1
97.00	3268	84.6F	9.1
97.05	3263	84.6F	9.1
97.10	3260	84.6F	9.1
97.15	3258	84.6F	9.1
97.20	3255	84.6F	9.1
97.25	3255	84.6F	9.1
97.30	3250	84.6F	9.1
97.35	3249	84.6F	9.1
97.40	3245	84.6F	9.1
97.45	3242	84.6F	9.1
97.50	3240	84.6F	9.1
97.55	3238	84.6F	9.1
97.60	3232	84.6F	9.1
97.65	3229	84.6F	9.1
97.70	3225	84.5F	9.1
97.75	3219	84.6F	9.1
97.80	3217	84.5F	9.1
97.85	3213	84.5F	9.1
97.90	3210	84.5F	9.1
97.95	3208	84.5F	9.1
98.00	3205	84.5F	9.1
98.05	3202	84.5F	9.1
98.10	3200	84.5F	9.1
98.15	3199	84.5F	9.1
98.20	3198	84.5F	9.1
98.25	3195	84.5F	9.1
98.30	3194	84.5F	9.1
98.35	3191	84.5F	9.1
98.40	3184	84.5F	9.1
98.45	3179	84.5F	9.1
98.50	3176	84.5F	9.1
98.55	3171	84.5F	9.1
98.60	3167	84.5F	9.1
98.65	3163	84.5F	9.1
98.70	3160	84.5F	9.1
98.75	3159	84.5F	9.1
98.80	3156	84.5F	9.1
98.85	3153	84.5F	9.1
98.90	3150	84.5F	9.1
98.95	3147	84.5F	9.1
99.00	3144	84.5F	9.1
99.05	3142	84.5F	9.1
99.10	3140	84.5F	9.1
99.15	3135	84.5F	9.1
99.20	3133	84.5F	9.1
99.25	3130	84.5F	9.1
99.30	3126	84.5F	9.1
99.35	3120	84.5F	9.1
99.40	3117	84.5F	9.1
99.45	3113	84.5F	9.1
99.50	3110	84.5F	9.1
99.55	3106	84.5F	9.1
99.60	3104	84.5F	9.1
99.65	3103	84.5F	9.1
99.70	3100	84.5F	9.1
99.75	3097	84.5F	9.1
99.80	3096	84.5F	9.1
99.85	3094	84.4F	9.1
99.90	3094	84.4F	9.1
99.95	3093	84.4F	9.1
100.00	3090	84.5F	9.1
100.05	3088	84.4F	9.1
100.10	3088	84.4F	9.1
100.15	3087	84.4F	9.1
100.20	3080	84.4F	9.1
100.25	3073	84.4F	9.1
100.30	3069	84.4F	9.1
100.35	3066	84.4F	9.1
100.40	3062	84.4F	9.1
100.45	3056	84.4F	9.1
100.50	3053	84.4F	9.1
100.55	3050	84.4F	9.1
100.60	3048	84.4F	9.1
100.65	3046	84.4F	9.1
100.70	3044	84.4F	9.1
100.75	3042	84.4F	9.1
100.80	3040	84.4F	9.1
100.85	3039	84.4F	9.1
100.90	3043	84.4F	9.1
100.95	3041	84.4F	9.1
101.00	3038	84.4F	9.1
101.05	3032	84.4F	9.1
101.10	3026	84.4F	9.1
101.15	3018	84.4F	9.1
101.20	3007	84.4F	9.1
101.25	3002	84.4F	9.1
101.30	3001	84.4F	9.1
101.35	2995	84.4F	9.1
101.40	2992	84.4F	9.1
101.45	2992	84.4F	9.1
101.50	2989	84.4F	9.1
101.55	2987	84.4F	9.1
101.60	2988	84.4F	9.1
101.65	2985	84.4F	9.1
101.70	2983	84.4F	9.1
101.75	2982	84.4F	9.1
101.80	2976	84.4F	9.1
101.85	2972	84.4F	9.1
101.90	2968	84.4F	9.1
101.95	2965	84.3F	9.1
102.00	2964	84.3F	9.1
102.05	2957	84.3F	9.1
102.10	2955	84.4F	9.1
102.15	2949	84.4F	9.1
102.20	2945	84.3F	9.1
102.25	2941	84.4F	9.1
102.30	2938	84.3F	9.1
102.35	2932	84.3F	9.1
102.40	2930	84.3F	9.1
102.45	2928	84.3F	9.1
102.50	2925	84.3F	9.1
102.55	2923	84.3F	9.1
102.60	2919	84.3F	9.1
102.65	2916	84.3F	9.1
102.70	2912	84.3F	9.1
102.75	2906	84.3F	9.1
102.80	2903	84.3F	9.1
102.85	2899	84.3F	9.1
102.90	2897	84.3F	9.1
102.95	2895	84.3F	9.1
103.00	2890	84.3F	9.1
103.05	2888	84.3F	9.1
103.10	2885	84.3F	9.1
103.15	2881	84.3F	9.1
103.20	2879	84.3F	9.1
103.25	2876	84.3F	9.1
103.30	2872	84.3F	9.1
103.35	2870	84.3F	9.1
103.40	2867	84.3F	9.1
103.45	2863	84.3F	9.1
103.50	2863	84.3F	9.1
103.55	2861	84.3F	9.1
103.60	2858	84.3F	9.1
103.65	2857	84.3F	9.1
103.70	2851	84.3F	9.1
103.75	2843	84.3F	9.1
103.80	2840	84.3F	9.1
103.85	2836	84.3F	9.1
103.90	2833	84.3F	9.1
103.95	2829	84.3F	9.1
104.00	2827	84.3F	9.1
104.05	2822	84.3F	9.1
104.10	2820	84.2F	9.1
104.15	2816	84.3F	9.1
104.20	2815	84.2F	9.1
104.25	2811	84.3F	9.1
104.30	2812	84.2F	9.1
104.35	2809	84.2F	9.1
104.40	2804	84.2F	9.1
104.45	2803	84.2F	9.1
104.50	2801	84.2F	9.1
104.55	2794	84.2F	9.1
104.60	2789	84.2F	9.1
104.65	2785	84.2F	9.1
104.70	2780	84.2F	9.1
104.75	2775	84.2F	9.1
104.80	2772	84.2F	9.1
104.85	2768	84.2F	9.1
104.90	2765	84.2F	9.1
104.95	2762	84.2F	9.1
105.00	2759	84.2F	9.1
105.05	2756	84.2F	9.1
105.10	2751	84.2F	9.1
105.15	2749	84.2F	9.1
105.20	2746	84.2F	9.1
105.25	2743	84.2F	9.1
105.30	2739	84.2F	9.1
105.35	2738	84.2F	9.1
105.40	2734	84.2F	9.1
105.45	2730	84.2F	9.1
105.50	2728	84.2F	9.1
105.55	2726	84.2F	9.1
105.60	2721	84.2F	9.1
105.65	2718	84.2F	9.1
105.70	2713	84.2F	9.1
105.75	2710	84.2F	9.1
105.80	2708	84.2F	9.1
105.85	2704	84.2F	9.1
105.90	2700	84.2F	9.1
105.95	2698	84.2F	9.1
106.00	2695	84.2F	9.1
106.05	2692	84.2F	9.1
106.10	2688	84.2F	9.1
106.15	2684	84.2F	9.1
106.20	2680	84.2F	9.1
106.25	2680	84.2F	9.1
106.30	2676	84.2F	9.1
106.35	2673	84.2F	9.1
106.40	2670	84.2F	9.1
106.45	2666	84.2F	9.1
106.50	2663	84.2F	9.1
106.55	2659	84.2F	9.1
106.60	2655	84.1F	9.1
106.65	2653	84.2F	9.1
106.70	2650	84.1F	9.1
106.75	2647	84.2F	9.1
106.80	2642	84.2F	9.1
106.85	2640	84.1F	9.1
106.90	2637	84.2F	9.1
106.95	2632	84.1F	9.1
107.00	2629	84.2F	9.1
107.05	2627	84.1F	9.1
107.10	2621	84.1F	9.1
107.15	2619	84.1F	9.1
107.20	2616	84.1F	9.1
107.25	2613	84.1F	9.1
107.30	2609	84.1F	9.1
107.35	2607	84.1F	9.1
107.40	2603	84.1F	9.1
107.45	2601	84.1F	9.1
107.50	2598	84.1F	9.1
107.55	2596	84.1F	9.1
107.60	2594	84.1F	9.1
107.65	2593	84.1F	9.1
107.70	2590	84.1F	9.1
107.75	2586	84.1F	9.1
107.80	2583	84.1F	9.1
107.85	2581	84.1F	9.1
107.90	2578	84.1F	9.1
107.95	2574	84.1F	9.1
108.00	2571	84.1F	9.1
108.05	2568	84.1F	9.1
108.10	2563	84.1F	9.1
108.15	2560	84.1F	9.1
108.20	2555	84.1F	9.1
108.25	2553	84.1F	9.1
108.30	2550	84.1F	9.1
108.35	2548	84.1F	9.1
108.40	2545	84.1F	9.1
108.45	2541	84.1F	9.1
108.50	2537	84.1F	9.1
108.55	2535	84.1F	9.1
108.60	2530	84.1F	9.1
108.65	2527	84.1F	9.1
108.70	2526	84.1F	9.1
108.75	2521	84.1F	9.1
108.80	2519	84.1F	9.1
108.85	2517	84.1F	9.1
108.90	2513	84.1F	9.1
108.95	2509	84.1F	9.1
109.00	2507	84.1F	9.1
109.05	2504	84.1F	9.1
109.10	2500	84.1F	9.1
109.15	2496	84.1F	9.1
109.20	2493	84.1F	9.1
109.25	2489	84.1F	9.1
109.30	2486	84.1F	9.1
109.35	2484	84.1F	9.1
109.40	2481	84.1F	9.1
109.45	2478	84.1F	9.1
109.50	2476	84.1F	9.1
109.55	2475	84.1F	9.1
109.60	2473	84.1F	9.1
109.65	2472	84.1F	9.1
109.70	2468	84.1F	9.1
109.75	2465	84.1F	9.1
109.80	2466	84.0F	9.1
109.85	2461	84.0F	9.1
109.90	2459	84.0F	9.1
109.95	2456	84.0F	9.1
110.00	2452	84.0F	9.1
110.05	2449	84.0F	9.1
110.10	2445	84.0F	9.1
110.15	2440	84.0F	9.1
110.20	2438	84.0F	9.1
110.25	2433	84.0F	9.1
110.30	2428	84.0F	9.1
110.35	2424	84.0F	9.1
110.40	2421	84.0F	9.1
110.45	2420	84.0F	9.1
110.50	2415	84.0F	9.1
110.55	2412	84.0F	9.1
110.60	2408	84.0F	9.1
110.65	2404	84.0F	9.1
110.70	2401	84.0F	9.1
110.75	2399	84.0F	9.1
110.80	2397	84.0F	9.1
110.85	2394	84.0F	9.1
110.90	2391	84.0F	9.1
110.95	2388	84.0F	9.1
111.00	2387	84.0F	9.1
111.05	2385	84.0F	9.1
111.10	2379	84.0F	9.1
111.15	2375	84.0F	9.1
111.20	2373	84.0F	9.1
111.25	2370	84.0F	9.1
111.30	2366	84.0F	9.1
111.35	2362	84.0F	9.1
111.40	2358	84.0F	9.1
111.45	2355	84.0F	9.1
111.50	2352	84.0F	9.1
111.55	2349	84.0F	9.1
111.60	2347	84.0F	9.1
111.65	2344	84.0F	9.1
111.70	2341	84.0F	9.1
111.75	2338	84.0F	9.1
111.80	2335	83.9F	9.1
111.85	2333	83.9F	9.1
111.90	2329	83.9F	9.1
111.95	2323	83.9F	9.1
112.00	2323	83.9F	9.1
112.05	2319	83.9F	9.1
112.10	2314	83.9F	9.1
112.15	2309	83.9F	9.1
112.20	2306	83.9F	9.1
112.25	2303	83.9F	9.1
112.30	2300	83.9F	9.1
112.35	2298	83.9F	9.1
112.40	2297	83.9F	9.1
112.45	2295	83.9F	9.1
112.50	2291	83.9F	9.1
112.55	2289	83.9F	9.1
112.60	2284	83.9F	9.1
112.65	2282	83.9F	9.1
112.70	2280	83.9F	9.1
112.75	2274	83.9F	9.1
112.80	2267	83.9F	9.1
112.85	2265	83.9F	9.1
112.90	2263	83.9F	9.1
112.95	2258	83.9F	9.1
113.00	2255	83.9F	9.1
113.05	2254	83.8F	9.1
113.10	2254	83.8F	9.1
113.15	2254	83.8F	9.1
113.20	2254	83.8F	9.1
113.25	2253	83.8F	9.1
113.30	2250	83.8F	9.1
113.35	2248	83.8F	9.1
113.40	2242	83.8F	9.1
113.45	2242	83.8F	9.1
113.50	2239	83.8F	9.1
113.55	2234	83.8F	9.1
113.60	2232	83.8F	9.1
113.65	2227	83.8F	9.1
113.70	2222	83.8F	9.1
113.75	2221	83.7F	9.1
113.80	2216	83.7F	9.1
113.85	2214	83.8F	9.1
113.90	2211	83.8F	9.1
113.95	2204	83.8F	9.1
114.00	2205	83.7F	9.1
114.05	2204	83.8F	9.1
114.10	2200	83.8F	9.1
114.15	2199	83.7F	9.1
114.20	2196	83.7F	9.1
114.25	2194	83.8F	9.1
114.30	2185	83.8F	9.1
114.35	2182	83.8F	9.1
114.40	2178	83.7F	9.1
114.45	2173	83.8F	9.1
114.50	2167	83.8F	9.1
114.55	2163	83.7F	9.1
114.60	2159	83.8F	9.1
114.65	2154	83.8F	9.1
114.70	2151	83.8F	9.1
114.75	2148	83.7F	9.1
114.80	2147	83.7F	9.1
114.85	2145	83.8F	9.1
114.90	2141	83.7F	9.1
114.95	2138	83.7F	9.1
115.00	2135	83.7F	9.1
115.05	2132	83.7F	9.1
115.10	2130	83.7F	9.1
115.15	2125	83.7F	9.1
115.20	2123	83.7F	9.1
115.25	2119	83.7F	9.1
115.30	2114	83.7F	9.1
115.35	2111	83.7F	9.1
115.40	2110	83.7F	9.1
115.45	2106	83.7F	9.1
115.50	2102	83.7F	9.1
115.55	2095	83.7F	9.1
115.60	2092	83.7F	9.1
115.65	2088	83.7F	9.1
115.70	2084	83.7F	9.1
115.75	2079	83.7F	9.1
115.80	2078	83.7F	9.1
115.85	2075	83.7F	9.1
115.90	2075	83.7F	9.1
115.95	2073	83.7F	9.1
116.00	2071	83.7F	9.1
116.05	2068	83.7F	9.1
116.10	2064	83.7F	9.1
116.15	2062	83.7F	9.1
116.20	2060	83.7F	9.1
116.25	2055	83.7F	9.1
116.30	2050	83.7F	9.1
116.35	2047	83.7F	9.1
116.40	2045	83.7F	9.1
116.45	2041	83.7F	9.1
116.50	2038	83.7F	9.1
116.55	2034	83.7F	9.1
116.60	2032	83.7F	9.1
116.65	2028	83.7F	9.1
116.70	2024	83.7F	9.1
116.75	2023	83.7F	9.1
116.80	2020	83.7F	9.1
116.85	2018	83.7F	9.1
116.90	2014	83.7F	9.1
116.95	2013	83.7F	9.1
117.00	2009	83.7F	9.1
117.05	2007	83.7F	9.1
117.10	2009	83.7F	9.1
117.15	2007	83.7F	9.1
117.20	2005	83.6F	9.1
117.25	2000	83.7F	9.1
117.30	1999	83.6F	9.1
117.35	1999	83.6F	9.1
117.40	1996	83.6F	9.1
117.45	1992	83.7F	9.1
117.50	1987	83.6F	9.1
117.55	1988	83.6F	9.1
117.60	1980	83.6F	9.1
117.65	1977	83.6F	9.1
117.70	1973	83.6F	9.1
117.75	1971	83.6F	9.1
117.80	1966	83.6F	9.1
117.85	1965	83.6F	9.1
117.90	1962	83.6F	9.1
117.95	1960	83.6F	9.1
118.00	1958	83.6F	9.1
118.05	1954	83.6F	9.1
118.10	1953	83.6F	9.1
118.15	1953	83.6F	9.1
118.20	1948	83.6F	9.1
118.25	1944	83.6F	9.1
118.30	1938	83.6F	9.1
118.35	1937	83.6F	9.1
118.40	1945	83.6F	9.1
118.45	1941	83.6F	9.1
118.50	1935	83.6F	9.1
118.55	1931	83.5F	9.1
118.60	1924	83.5F	9.1
118.65	1922	83.5F	9.1
118.70	1915	83.5F	9.1
118.75	1913	83.5F	9.1
118.80	1910	83.5F	9.1
118.85	1901	83.5F	9.1
118.90	1891	83.5F	9.1
118.95	1887	83.5F	9.1
119.00	1885	83.5F	9.1
119.05	1877	83.5F	9.1
119.10	1875	83.5F	9.1
119.15	1872	83.5F	9.1
119.20	1870	83.5F	9.1
119.25	1867	83.5F	9.1
119.30	1864	83.5F	9.1
119.35	1860	83.5F	9.1
119.40	1854	83.5F	9.1
119.45	1851	83.5F	9.1
119.50	1847	83.5F	9.1
119.55	1843	83.5F	9.1
119.60	1839	83.5F	9.1
119.65	1834	83.5F	9.1
119.70	1831	83.5F	9.1
119.75	1828	83.5F	9.1
119.80	1825	83.5F	9.1
119.85	1822	83.5F	9.1
119.90	1820	83.5F	9.1
119.95	1819	83.5F	9.1
120.00	1815	83.5F	9.1
120.05	1812	83.5F	9.1
120.10	1809	83.5F	9.1
120.15	1807	83.5F	9.1
120.20	1803	83.5F	9.1
120.25	1799	83.5F	9.1
120.30	1795	83.5F	9.1
120.35	1791	83.5F	9.1
120.40	1785	83.5F	9.1
120.45	1782	83.5F	9.1
120.50	1779	83.5F	9.1
120.55	1775	83.4F	9.1
120.60	1771	83.5F	9.1
120.65	1768	83.5F	9.1
120.70	1765	83.5F	9.1
120.75	1764	83.5F	9.1
120.80	1762	83.5F	9.1
120.85	1758	83.5F	9.1
120.90	1756	83.4F	9.1
120.95	1753	83.4F	9.1
121.00	1749	83.4F	9.1
121.05	1747	83.4F	9.1
121.10	1743	83.4F	9.1
121.15	1739	83.4F	9.1
121.20	1735	83.4F	9.1
121.25	1730	83.4F	9.1
121.30	1727	83.4F	9.1
121.35	1724	83.4F	9.1
121.40	1719	83.4F	9.1
121.45	1717	83.4F	9.1
121.50	1713	83.4F	9.1
121.55	1710	83.4F	9.1
121.60	1708	83.4F	9.1
121.65	1705	83.4F	9.1
121.70	1702	83.4F	9.1
121.75	1701	83.4F	9.1
121.80	1698	83.4F	9.1
121.85	1696	83.4F	9.1
121.90	1693	83.4F	9.1
121.95	1690	83.4F	9.1
122.00	1686	83.4F	9.1
122.05	1683	83.4F	9.1
122.10	1679	83.4F	9.1
122.15	1674	83.4F	9.1
122.20	1670	83.4F	9.1
122.25	1665	83.4F	9.1
122.30	1661	83.4F	9.1
122.35	1658	83.4F	9.1
122.40	1655	83.4F	9.1
122.45	1651	83.4F	9.1
122.50	1650	83.4F	9.1
122.55	1647	83.4F	9.1
122.60	1645	83.4F	9.1
122.65	1641	83.4F	9.1
122.70	1639	83.4F	9.1
122.75	1636	83.4F	9.1
122.80	1634	83.4F	9.1
122.85	1632	83.4F	9.1
122.90	1627	83.4F	9.1
122.95	1622	83.4F	9.1
123.00	1619	83.4F	9.1
123.05	1615	83.4F	9.1
123.10	1611	83.4F	9.1
123.15	1607	83.4F	9.1
123.20	1603	83.4F	9.1
123.25	1598	83.4F	9.1
123.30	1594	83.4F	9.1
123.35	1590	83.4F	9.1
123.40	1589	83.4F	9.1
123.45	1589	83.4F	9.1
123.50	1587	83.4F	9.1
123.55	1587	83.4F	9.1
123.60	1585	83.4F	9.1
123.65	1587	83.3F	9.1
123.70	1580	83.3F	9.1
123.75	1575	83.3F	9.1
123.80	1568	83.3F	9.1
123.85	1563	83.3F	9.1
123.90	1556	83.3F	9.1
123.95	1552	83.3F	9.1
124.00	1547	83.3F	9.1
124.05	1543	83.3F	9.1
124.10	1541	83.3F	9.1
124.15	1539	83.3F	9.1
124.20	1536	83.3F	9.1
124.25	1535	83.3F	9.1
124.30	1533	83.3F	9.1
124.35	1529	83.3F	9.1
124.40	1524	83.3F	9.1
124.45	1519	83.3F	9.1
124.50	1514	83.3F	9.1
124.55	1511	83.3F	9.1
124.60	1507	83.3F	9.1
124.65	1504	83.3F	9.1
124.70	1502	83.3F	9.1
124.75	1499	83.3F	9.1
124.80	1494	83.3F	9.1
124.85	1492	83.3F	9.1
124.90	1489	83.3F	9.1
124.95	1486	83.2F	9.1
125.00	1483	83.2F	9.1
125.05	1482	83.2F	9.1
125.10	1479	83.2F	9.1
125.15	1479	83.2F	9.1
125.20	1477	83.2F	9.1
125.25	1472	83.2F	9.1
125.30	1468	83.2F	9.1
125.35	1467	83.2F	9.1
125.40	1462	83.2F	9.1
125.45	1460	83.2F	9.1
125.50	1454	83.2F	9.1
125.55	1449	83.2F	9.1
125.60	1444	83.2F	9.1
125.65	1440	83.2F	9.1
125.70	1435	83.2F	9.1
125.75	1432	83.2F	9.1
125.80	1430	83.2F	9.1
125.85	1426	83.2F	9.1
125.90	1425	83.2F	9.1
125.95	1421	83.2F	9.1
126.00	1419	83.2F	9.1
126.05	1416	83.2F	9.1
126.10	1413	83.2F	9.1
126.15	1411	83.2F	9.1
126.20	1411	83.2F	9.1
126.25	1408	83.2F	9.1
126.30	1407	83.2F	9.1
126.35	1406	83.2F	9.1
126.40	1401	83.2F	9.1
126.45	1398	83.2F	9.1
126.50	1395	83.2F	9.1
126.55	1391	83.2F	9.1
126.60	1387	83.2F	9.1
126.65	1382	83.2F	9.1
126.70	1378	83.2F	9.1
126.75	1375	83.2F	9.1
126.80	1372	83.2F	9.1
126.85	1367	83.2F	9.1
126.90	1364	83.2F	9.1
126.95	1363	83.2F	9.1
127.00	1366	83.2F	9.1
127.05	1365	83.2F	9.1
127.10	1365	83.2F	9.1
127.15	1362	83.2F	9.1
127.20	1361	83.2F	9.1
127.25	1358	83.2F	9.1
127.30	1349	83.2F	9.1
127.35	1343	83.2F	9.1
127.40	1339	83.2F	9.1
127.45	1333	83.2F	9.1
127.50	1330	83.2F	9.1
127.55	1329	83.1F	9.1
127.60	1322	83.2F	9.1
127.65	1321	83.1F	9.1
127.70	1316	83.2F	9.1
127.75	1314	83.1F	9.1
127.80	1312	83.1F	9.1
127.85	1311	83.1F	9.1
127.90	1308	83.1F	9.1
127.95	1305	83.1F	9.1
128.00	1305	83.1F	9.1
128.05	1302	83.1F	9.1
128.10	1297	83.1F	9.1
128.15	1294	83.1F	9.1
128.20	1292	83.1F	9.1
128.25	1288	83.1F	9.1
128.30	1284	83.1F	9.1
128.35	1280	83.1F	9.1
128.40	1278	83.1F	9.1
128.45	1274	83.1F	9.1
128.50	1270	83.1F	9.1
128.55	1264	83.1F	9.1
128.60	1260	83.1F	9.1
128.65	1255	83.1F	9.1
128.70	1252	83.1F	9.1
128.75	1249	83.1F	9.1
128.80	1248	83.1F	9.1
128.85	1246	83.1F	9.1
128.90	1242	83.1F	9.1
128.95	1241	83.1F	9.1
129.00	1237	83.1F	9.1
129.05	1233	83.1F	9.1
129.10	1230	83.1F	9.1
129.15	1228	83.1F	9.1
129.20	1223	83.1F	9.1
129.25	1221	83.1F	9.1
129.30	1219	83.1F	9.1
129.35	1215	83.1F	9.1
129.40	1213	83.1F	9.1
129.45	1211	83.1F	9.1
129.50	1208	83.1F	9.1
129.55	1205	83.1F	9.1
129.60	1204	83.0F	9.1
129.65	1201	83.1F	9.1
129.70	1198	83.1F	9.1
129.75	1195	83.0F	9.1
129.80	1192	83.1F	9.1
129.85	1189	83.0F	9.1
129.90	1186	83.1F	9.1
129.95	1182	83.0F	9.1
130.00	1181	83.0F	9.1
130.05	1177	83.0F	9.1
130.10	1174	83.0F	9.1
130.15	1171	83.0F	9.1
130.20	1170	83.0F	9.1
130.25	1167	83.0F	9.1
130.30	1166	83.0F	9.1
130.35	1166	83.0F	9.1
130.40	1163	83.0F	9.1
130.45	1162	83.0F	9.1
130.50	1157	83.0F	9.1
130.55	1157	83.0F	9.1
130.60	1157	83.0F	9.1
130.65	1148	83.0F	9.1
130.70	1145	83.0F	9.1
130.75	1139	83.0F	9.1
130.80	1135	83.0F	9.1
130.85	1132	83.0F	9.1
130.90	1126	83.0F	9.1
130.95	1123	83.0F	9.1
131.00	1120	83.0F	9.1
131.05	1117	83.0F	9.1
131.10	1114	83.0F	9.1
131.15	1110	83.0F	9.1
131.20	1109	83.0F	9.1
131.25	1105	83.0F	9.1
131.30	1102	83.0F	9.1
131.35	1100	83.0F	9.1
131.40	1097	83.0F	9.1
131.45	1096	83.0F	9.1
131.50	1093	83.0F	9.1
131.55	1089	83.0F	9.1
131.60	1087	83.0F	9.1
131.65	1083	82.9F	9.1
131.70	1081	82.9F	9.1
131.75	1076	83.0F	9.1
131.80	1072	82.9F	9.1
131.85	1068	82.9F	9.1
131.90	1063	82.9F	9.1
131.95	1060	82.9F	9.1
132.00	1056	82.9F	9.1
132.05	1054	82.9F	9.1
132.10	1051	82.9F	9.1
132.15	1048	82.9F	9.1
132.20	1045	82.9F	9.1
132.25	1039	82.9F	9.1
132.30	1036	82.9F	9.1
132.35	1032	82.9F	9.1
132.40	1029	82.9F	9.1
132.45	1027	82.9F	9.1
132.50	1023	82.9F	9.1
132.55	1021	82.9F	9.1
132.60	1018	82.9F	9.1
132.65	1014	82.9F	9.1
132.70	1010	82.9F	9.1
132.75	1007	82.9F	9.1
132.80	1005	82.9F	9.1
132.85	1002	82.9F	9.1
132.90	999	82.9F	9.1
132.95	997	82.9F	9.1
133.00	992	82.9F	9.1
133.05	990	82.9F	9.1
133.10	986	82.9F	9.1
133.15	983	82.9F	9.1
133.20	981	82.9F	9.1
133.25	979	82.9F	9.1
133.30	976	82.9F	9.1
133.35	971	82.9F	9.1
133.40	969	82.9F	9.1
133.45	966	82.9F	9.1
133.50	963	82.9F	9.1
133.55	961	82.9F	9.1
133.60	959	82.9F	9.1
133.65	956	82.9F	9.1
133.70	954	82.8F	9.1
133.75	951	82.9F	9.1
133.80	949	82.8F	9.1
133.85	947	82.8F	9.1
133.90	944	82.8F	9.1
133.95	942	82.8F	9.1
134.00	939	82.8F	9.1
134.05	935	82.8F	9.1
134.10	932	82.8F	9.1
134.15	930	82.8F	9.1
134.20	927	82.8F	9.1
134.25	924	82.8F	9.1
134.30	922	82.8F	9.1
134.35	919	82.8F	9.1
134.40	917	82.8F	9.1
134.45	914	82.8F	9.1
134.50	910	82.8F	9.1
134.55	908	82.8F	9.1
134.60	904	82.8F	9.1
134.65	900	82.8F	9.1
134.70	864	82.8F	8.7
134.75	697	82.8F	8.2
134.80	962	82.8F	8.1
134.85	892	82.8F	7.8
134.90	889	82.8F	7.4
134.95	886	82.8F	6.9
135.00	887	82.8F	6.4
135.05	882	82.8F	6.0
135.10	885	82.7F	5.9
135.15	881	82.7F	5.3
135.20	887	82.7F	5.6
135.25	886	82.7F	5.3
135.30	886	82.7F	4.9
135.35	886	82.7F	4.7
135.40	889	82.7F	4.6
135.45	892	82.7F	4.6
135.50	888	82.7F	4.5
135.55	883	82.7F	4.4
135.60	873	82.7F	4.4
135.65	867	82.7F	4.4
135.70	859	82.6F	8.5
135.75	851	82.6F	8.6
135.80	839	82.6F	8.6
135.85	835	82.6F	8.7
135.90	833	82.6F	8.7
135.95	834	82.6F	8.7
136.00	839	82.6F	8.7
136.05	839	82.6F	8.8
136.10	831	82.6F	8.8
136.15	825	82.6F	8.8
136.20	820	82.6F	8.8
136.25	817	82.6F	8.8
136.30	824	82.6F	8.8
136.35	822	82.6F	8.9
136.40	824	82.6F	8.9
136.45	817	82.6F	8.9
136.50	808	82.6F	8.9
136.55	802	82.6F	8.9
136.60	800	82.6F	8.9
136.65	795	82.6F	8.9
136.70	797	82.5F	8.9
136.75	798	82.6F	8.9
136.80	796	82.5F	8.9
136.85	790	82.5F	8.9
136.90	787	82.5F	8.9
136.95	788	82.5F	8.9
137.00	775	82.5F	8.9
137.05	779	82.5F	8.9
137.10	771	82.5F	8.9
137.15	769	82.5F	8.9
137.20	763	82.5F	8.9
137.25	757	82.5F	9.0
137.30	753	82.5F	8.9
137.35	752	82.5F	9.0
137.40	749	82.5F	9.0
137.45	748	82.4F	9.0
137.50	746	82.4F	9.0
137.55	746	82.4F	9.0
137.60	744	82.4F	9.0
137.65	742	82.4F	9.0
137.70	742	82.4F	9.0
137.75	741	82.4F	9.0
137.80	740	82.4F	9.0
137.85	738	82.4F	9.0
137.90	738	82.4F	9.0
137.95	736	82.4F	9.0
138.00	734	82.4F	9.0
138.05	735	82.4F	9.0
138.10	736	82.4F	9.0
138.15	735	82.4F	9.0
138.20	733	82.4F	9.0
138.25	731	82.4F	9.0
138.30	727	82.4F	9.0
138.35	728	82.4F	9.0
138.40	727	82.4F	9.0
138.45	726	82.4F	9.0
138.50	724	82.4F	9.0
138.55	722	82.4F	9.0
138.60	720	82.4F	9.0
138.65	719	82.4F	9.0
138.70	718	82.4F	9.0
138.75	716	82.4F	9.0
138.80	718	82.4F	9.0
138.85	717	82.4F	9.0
138.90	716	82.4F	9.0
138.95	715	82.4F	9.0
139.00	714	82.4F	9.0
139.05	712	82.4F	9.0
139.10	709	82.4F	9.0
139.15	708	82.4F	9.0
139.20	705	82.4F	9.0
139.25	705	82.4F	9.0
139.30	705	82.4F	9.0
139.35	704	82.4F	9.0
139.40	702	82.4F	9.0
139.45	699	82.4F	9.0
139.50	699	82.3F	9.0
139.55	698	82.4F	9.0
139.60	696	82.4F	9.0
139.65	694	82.4F	9.0
139.70	692	82.4F	9.0
139.75	691	82.3F	9.0
139.80	690	82.3F	9.0
139.85	688	82.4F	9.0
139.90	686	82.3F	9.0
139.95	686	82.3F	9.0
140.00	683	82.3F	9.0
140.05	682	82.3F	9.0
140.10	681	82.3F	9.1
140.15	680	82.3F	9.0
140.20	679	82.3F	9.0
140.25	679	82.3F	9.0
140.30	678	82.3F	9.0
140.35	676	82.3F	9.1
140.40	674	82.3F	9.1
140.45	674	82.3F	9.1
140.50	673	82.3F	9.1
140.55	671	82.3F	9.1
140.60	670	82.3F	9.1
140.65	668	82.3F	9.1
140.70	667	82.3F	9.1
140.75	667	82.3F	9.1
140.80	665	82.3F	9.1
140.85	664	82.3F	9.1
140.90	661	82.3F	9.1
140.95	660	82.3F	9.1
141.00	659	82.3F	9.1
141.05	659	82.3F	9.1
141.10	658	82.3F	9.1
141.15	657	82.3F	9.1
141.20	654	82.3F	9.1
141.25	653	82.3F	9.1
141.30	652	82.3F	9.1
141.35	651	82.3F	9.1
141.40	650	82.3F	9.1
141.45	649	82.3F	9.1
141.50	647	82.3F	9.1
141.55	647	82.3F	9.1
141.60	645	82.3F	9.1
141.65	646	82.3F	9.1
141.70	643	82.3F	9.1
141.75	644	82.3F	9.1
141.80	643	82.3F	9.1
141.85	641	82.3F	9.1
141.90	639	82.3F	9.1
141.95	639	82.3F	9.1
142.00	639	82.3F	9.1
142.05	637	82.3F	9.1
142.10	636	82.3F	9.1
142.15	635	82.3F	9.1
142.20	633	82.3F	9.1
142.25	632	82.3F	9.1
142.30	630	82.3F	9.1
142.35	630	82.3F	9.1
142.40	627	82.3F	9.1
142.45	626	82.3F	9.1
142.50	623	82.3F	9.1
142.55	620	82.3F	9.1
142.60	620	82.3F	9.1
142.65	619	82.2F	9.1
142.70	618	82.2F	9.1
142.75	616	82.2F	9.1
142.80	615	82.2F	9.1
142.85	614	82.2F	9.1
142.90	614	82.2F	9.1
142.95	612	82.2F	9.1
143.00	610	82.2F	9.1
143.05	609	82.2F	9.1
143.10	607	82.2F	9.1
143.15	607	82.2F	9.1
143.20	605	82.2F	9.1
143.25	606	82.2F	9.1
143.30	604	82.2F	9.1
143.35	602	82.2F	9.1
143.40	601	82.2F	9.1
143.45	598	82.2F	9.1
143.50	598	82.2F	9.1
143.55	597	82.2F	9.1
143.60	597	82.2F	9.1
143.65	594	82.2F	9.1
143.70	592	82.2F	9.1
143.75	592	82.2F	9.1
143.80	590	82.2F	9.1
143.85	589	82.2F	9.1
143.90	587	82.2F	9.1
143.95	587	82.2F	9.1
144.00	586	82.2F	9.1
144.05	584	82.2F	9.1
144.10	583	82.2F	9.1
144.15	582	82.2F	9.1
144.20	581	82.2F	9.1
144.25	581	82.2F	9.1
144.30	578	82.1F	9.1
144.35	578	82.2F	9.1
144.40	577	82.1F	9.1
144.45	574	82.2F	9.1
144.50	576	82.1F	9.1
144.55	572	82.2F	9.1
144.60	571	82.1F	9.1
144.65	570	82.1F	9.1
144.70	569	82.1F	9.1
144.75	567	82.1F	9.1
144.80	565	82.1F	9.1
144.85	563	82.1F	9.1
144.90	565	82.1F	9.1
144.95	564	82.1F	9.1
145.00	560	82.1F	9.1
145.05	559	82.1F	9.1
145.10	558	82.1F	9.1
145.15	556	82.1F	9.1
145.20	556	82.1F	9.1
145.25	556	82.1F	9.1
145.30	553	82.1F	9.1
145.35	551	82.1F	9.1
145.40	549	82.1F	9.1
145.45	548	82.1F	9.1
145.50	546	82.1F	9.1
145.55	544	82.1F	9.1
145.60	543	82.1F	9.1
145.65	544	82.1F	9.1
145.70	542	82.1F	9.1
145.75	540	82.1F	9.1
145.80	539	82.1F	9.1
145.85	538	82.1F	9.1
145.90	538	82.1F	9.1
145.95	536	82.1F	9.1
146.00	535	82.0F	9.1
146.05	533	82.1F	9.1
146.10	533	82.0F	9.1
146.15	532	82.1F	9.1
146.20	531	82.0F	9.1
146.25	529	82.0F	9.1
146.30	527	82.0F	9.1
146.35	525	82.0F	9.1
146.40	525	82.0F	9.1
146.45	524	82.0F	9.1
146.50	521	82.0F	9.1
146.55	521	82.0F	9.1
146.60	520	82.0F	9.1
146.65	519	82.0F	9.1
146.70	515	82.0F	9.1
146.75	516	82.0F	9.1
146.80	514	82.0F	9.1
146.85	513	82.0F	9.1
146.90	512	82.0F	9.1
146.95	510	82.0F	9.1
147.00	509	82.0F	9.1
147.05	506	82.0F	9.1
147.10	506	82.0F	9.1
147.15	504	82.0F	9.1
147.20	503	82.0F	9.1
147.25	502	82.0F	9.1
147.30	501	82.0F	9.1
147.35	500	82.0F	9.1
147.40	499	82.0F	9.1
147.45	496	82.0F	9.1
147.50	495	82.0F	9.1
147.55	495	82.0F	9.1
147.60	493	82.0F	9.1
147.65	491	82.0F	9.1
147.70	491	82.0F	9.1
147.75	491	82.0F	9.1
147.80	490	82.0F	9.1
147.85	488	82.0F	9.1
147.90	486	82.0F	9.1
147.95	485	82.0F	9.1
148.00	483	82.0F	9.1
148.05	482	82.0F	9.1
148.10	480	82.0F	9.1
148.15	479	82.0F	9.1
148.20	478	82.0F	9.1
148.25	476	82.0F	9.1
148.30	474	82.0F	9.1
148.35	474	82.0F	9.1
148.40	474	82.0F	9.1
148.45	471	82.0F	9.1
148.50	469	82.0F	9.1
148.55	469	82.0F	9.1
148.60	468	81.9F	9.1
148.65	467	81.9F	9.1
148.70	465	81.9F	9.1
148.75	464	81.9F	9.1
148.80	463	81.9F	9.1
148.85	462	81.9F	9.1
148.90	460	81.9F	9.1
148.95	459	81.9F	9.1
149.00	458	81.9F	9.1
149.05	458	81.9F	9.1
149.10	455	81.9F	9.1
149.15	455	81.9F	9.1
149.20	453	81.9F	9.1
149.25	452	81.9F	9.1
149.30	452	81.9F	9.1
149.35	450	81.9F	9.1
149.40	449	81.9F	9.1
149.45	449	81.9F	9.1
149.50	446	81.9F	9.1
149.55	445	81.9F	9.1
149.60	444	81.9F	9.1
149.65	443	81.9F	9.1
149.70	442	81.9F	9.1
149.75	441	81.9F	9.1
149.80	439	81.9F	9.1
149.85	437	81.9F	9.1
149.90	436	81.9F	9.1
149.95	435	81.9F	9.1
150.00	433	81.9F	9.1
150.05	433	81.9F	9.1
150.10	430	81.9F	9.1
150.15	430	81.9F	9.1
150.20	429	81.9F	9.1
150.25	428	81.9F	9.1
150.30	425	81.9F	9.1
150.35	424	81.9F	9.1
150.40	424	81.9F	9.1
150.45	423	81.9F	9.1
150.50	421	81.9F	9.1
150.55	421	81.8F	9.1
150.60	418	81.9F	9.1
150.65	417	81.8F	9.1
150.70	415	81.8F	9.1
150.75	415	81.8F	9.1
150.80	414	81.8F	9.1
150.85	412	81.8F	9.1
150.90	410	81.8F	9.1
150.95	408	81.8F	9.1
151.00	408	81.8F	9.1
151.05	407	81.8F	9.1
151.10	405	81.8F	9.1
151.15	404	81.8F	9.1
151.20	404	81.8F	9.1
151.25	402	81.8F	9.1
151.30	400	81.8F	9.1
151.35	399	81.8F	9.1
151.40	398	81.8F	9.1
151.45	398	81.8F	9.1
151.50	395	81.8F	9.1
151.55	395	81.8F	9.1
151.60	392	81.8F	9.1
151.65	392	81.8F	9.1
151.70	390	81.8F	9.1
151.75	391	81.8F	9.1
151.80	388	81.8F	9.1
151.85	387	81.8F	9.1
151.90	386	81.8F	9.1
151.95	384	81.8F	9.1
152.00	383	81.8F	9.1
152.05	381	81.8F	9.1
152.10	381	81.8F	9.1
152.15	378	81.8F	9.1
152.20	378	81.8F	9.1
152.25	376	81.8F	9.1
152.30	375	81.8F	9.1
152.35	374	81.8F	9.1
152.40	372	81.7F	9.1
152.45	372	81.7F	9.1
152.50	371	81.7F	9.1
152.55	368	81.7F	9.1
152.60	368	81.7F	9.1
152.65	367	81.7F	9.1
152.70	366	81.7F	9.1
152.75	364	81.7F	9.1
152.80	363	81.7F	9.1
152.85	361	81.7F	9.1
152.90	360	81.7F	9.1
152.95	358	81.7F	9.1
153.00	358	81.7F	9.1
153.05	355	81.7F	9.1
153.10	354	81.7F	9.1
153.15	352	81.7F	9.1
153.20	350	81.7F	9.1
153.25	350	81.7F	9.1
153.30	348	81.7F	9.1
153.35	346	81.7F	9.1
153.40	345	81.7F	9.1
153.45	343	81.7F	9.1
153.50	341	81.7F	9.1
153.55	341	81.7F	9.1
153.60	340	81.7F	9.1
153.65	338	81.7F	9.1
153.70	338	81.7F	9.1
153.75	335	81.7F	9.1
153.80	334	81.7F	9.1
153.85	334	81.7F	9.1
153.90	333	81.7F	9.1
153.95	333	81.7F	9.1
154.00	329	81.7F	9.1
154.05	328	81.7F	9.1
154.10	327	81.7F	9.1
154.15	326	81.7F	9.1
154.20	325	81.6F	9.1
154.25	324	81.6F	9.1
154.30	322	81.7F	9.1
154.35	322	81.6F	9.1
154.40	320	81.6F	9.1
154.45	319	81.6F	9.1
154.50	318	81.6F	9.1
154.55	316	81.6F	9.1
154.60	315	81.6F	9.1
154.65	316	81.6F	9.1
154.70	313	81.6F	9.1
154.75	310	81.6F	9.1
154.80	308	81.6F	9.1
154.85	308	81.6F	9.1
154.90	306	81.6F	9.1
154.95	304	81.6F	9.1
155.00	303	81.6F	9.1
155.05	302	81.6F	9.1
155.10	301	81.6F	9.1
155.15	298	81.6F	9.1
155.20	297	81.6F	9.1
155.25	298	81.6F	9.1
155.30	296	81.6F	9.1
155.35	294	81.6F	9.1
155.40	293	81.6F	9.1
155.45	292	81.6F	9.1
155.50	290	81.6F	9.1
155.55	289	81.6F	9.1
155.60	287	81.6F	9.1
155.65	286	81.6F	9.1
155.70	285	81.6F	9.1
155.75	284	81.6F	9.1
155.80	285	81.6F	9.1
155.85	282	81.6F	9.1
155.90	280	81.6F	9.1
155.95	278	81.6F	9.1
156.00	277	81.6F	9.1
156.05	276	81.6F	9.1
156.10	275	81.5F	9.1
156.15	273	81.5F	9.1
156.20	272	81.5F	9.1
156.25	271	81.5F	9.1
156.30	269	81.5F	9.1
156.35	268	81.5F	9.1
156.40	267	81.5F	9.1
156.45	265	81.5F	9.1
156.50	264	81.5F	9.1
156.55	262	81.5F	9.1
156.60	262	81.5F	9.1
156.65	260	81.5F	9.1
156.70	259	81.5F	9.1
156.75	258	81.5F	9.1
156.80	258	81.5F	9.1
156.85	256	81.5F	9.1
156.90	253	81.5F	9.1
156.95	252	81.5F	9.1
157.00	252	81.5F	9.1
157.05	252	81.5F	9.1
157.10	250	81.5F	9.1
157.15	248	81.5F	9.1
157.20	247	81.5F	9.1
157.25	245	81.5F	9.1
157.30	244	81.5F	9.1
157.35	243	81.5F	9.1
157.40	241	81.5F	9.1
157.45	239	81.5F	9.1
157.50	239	81.5F	9.1
157.55	236	81.5F	9.1
157.60	236	81.5F	9.1
157.65	236	81.5F	9.1
157.70	232	81.5F	9.1
157.75	231	81.5F	9.1
157.80	230	81.5F	9.1
157.85	228	81.4F	9.1
157.90	227	81.5F	9.1
157.95	227	81.4F	9.1
158.00	227	81.4F	9.1
158.05	224	81.4F	9.1
158.10	223	81.4F	9.1
158.15	222	81.4F	9.1
158.20	221	81.4F	9.1
158.25	220	81.4F	9.1
158.30	218	81.4F	9.1
158.35	217	81.4F	9.1
158.40	217	81.4F	9.1
158.45	215	81.4F	9.1
158.50	212	81.4F	9.1
158.55	213	81.4F	9.1
158.60	213	81.4F	9.1
158.65	210	81.4F	9.1
158.70	208	81.4F	9.1
158.75	207	81.4F	9.1
158.80	206	81.4F	9.1
158.85	205	81.4F	9.1
158.90	205	81.4F	9.1
158.95	203	81.4F	9.1
159.00	202	81.4F	9.1
159.05	201	81.4F	9.1
159.10	200	81.4F	9.1
159.15	199	81.4F	9.1
159.20	197	81.4F	9.1
159.25	194	81.4F	9.1
159.30	192	81.4F	9.1
159.35	191	81.4F	9.1
159.40	190	81.4F	9.1
159.45	190	81.4F	9.1
159.50	189	81.4F	9.1
159.55	187	81.4F	9.1
159.60	184	81.4F	9.1
159.65	184	81.4F	9.1
159.70	182	81.4F	9.1
159.75	181	81.4F	9.1
159.80	181	81.4F	9.1
159.85	178	81.4F	9.1
159.90	177	81.4F	9.1
159.95	176	81.4F	9.1
160.00	174	81.4F	9.1
160.05	174	81.4F	9.1
160.10	174	81.3F	9.1
160.15	172	81.3F	9.1
160.20	170	81.3F	9.1
160.25	170	81.3F	9.1
160.30	169	81.3F	9.1
160.35	168	81.3F	9.1
160.40	166	81.3F	9.1
160.45	164	81.3F	9.1
160.50	164	81.3F	9.1
160.55	162	81.3F	9.1
160.60	159	81.3F	9.1
160.65	159	81.3F	9.1
160.70	159	81.3F	9.1
160.75	156	81.3F	9.1
160.80	156	81.3F	9.1
160.85	154	81.3F	9.1
160.90	154	81.3F	9.1
160.95	153	81.3F	9.1
161.00	152	81.3F	9.1
161.05	150	81.3F	9.1
161.10	148	81.3F	9.1
161.15	149	81.3F	9.1
161.20	147	81.3F	9.1
161.25	147	81.3F	9.1
161.30	145	81.3F	9.1
161.35	143	81.3F	9.1
161.40	142	81.3F	9.1
161.45	142	81.3F	9.1
161.50	141	81.3F	9.1
161.55	140	81.3F	9.1
161.60	138	81.3F	9.1
161.65	137	81.3F	9.1
161.70	137	81.3F	9.1
161.75	134	81.3F	9.1
161.80	134	81.3F	9.1
161.85	133	81.2F	9.1
161.90	130	81.3F	9.1
161.95	130	81.2F	9.1
162.00	128	81.3F	9.1
162.05	127	81.3F	9.1
162.10	126	81.2F	9.1
162.15	125	81.2F	9.1
162.20	123	81.2F	9.1
162.25	122	81.2F	9.1
162.30	120	81.2F	9.1
162.35	118	81.2F	9.1
162.40	117	81.2F	9.1
162.45	116	81.2F	9.1
162.50	114	81.2F	9.1
162.55	115	81.2F	9.1
162.60	113	81.2F	9.1
162.65	112	81.2F	9.1
162.70	111	81.2F	9.1
162.75	110	81.2F	9.1
162.80	110	81.2F	9.1
162.85	108	81.2F	9.1
162.90	107	81.2F	9.1
162.95	107	81.2F	9.1
163.00	106	81.2F	9.1
163.05	103	81.2F	9.1
163.10	103	81.2F	9.1
163.15	102	81.2F	9.1
163.20	101	81.2F	9.1
163.25	100	81.2F	9.1
163.30	97	81.2F	9.1
163.35	97	81.2F	9.1
163.40	95	81.2F	9.1
163.45	94	81.2F	9.1
163.50	93	81.2F	9.1
163.55	93	81.2F	9.1
163.60	91	81.2F	9.1
163.65	89	81.2F	9.1
163.70	88	81.2F	9.1
163.75	85	81.2F	9.1
163.80	85	81.2F	9.1
163.85	83	81.2F	9.1
163.90	84	81.2F	9.1
163.95	80	81.2F	9.1
164.00	79	81.2F	9.1
164.05	76	81.1F	9.1
164.10	76	81.2F	9.1
164.15	75	81.2F	9.1
164.20	73	81.2F	9.1
164.25	71	81.1F	9.1
164.30	70	81.2F	9.1
164.35	69	81.1F	9.1
164.40	68	81.1F	9.1
164.45	67	81.1F	9.1
164.50	65	81.1F	9.1
164.55	64	81.1F	9.1
164.60	63	81.1F	9.1
164.65	61	81.1F	9.1
164.70	60	81.1F	9.1
164.75	60	81.1F	9.1
164.80	58	81.1F	9.1
164.85	57	81.1F	9.1
164.90	55	81.1F	9.1
164.95	55	81.1F	9.1
165.00	53	81.1F	9.1
165.05	52	81.1F	9.1
165.10	51	81.1F	9.1
165.15	50	81.1F	9.1
165.20	49	81.1F	9.1
165.25	46	81.1F	9.1
165.30	46	81.1F	9.1
165.35	46	81.1F	9.1
165.40	43	81.1F	9.1
165.45	43	81.1F	9.1
165.50	41	81.1F	9.1
165.55	41	81.1F	9.1
165.60	39	81.1F	9.1
165.65	36	81.1F	9.1
165.70	35	81.1F	9.1
165.75	36	81.1F	9.1
165.80	34	81.0F	9.1
165.85	33	81.1F	9.1
165.90	32	81.0F	9.1
165.95	31	81.0F	9.1
166.00	29	81.0F	9.1
166.05	28	81.0F	9.1
166.10	26	81.0F	9.1
166.15	26	81.0F	9.1
166.20	25	81.0F	9.1
166.25	24	81.0F	9.1
166.30	22	81.0F	9.1
166.35	21	81.0F	9.1
166.40	21	81.0F	9.1
166.45	18	81.0F	9.1
166.50	17	81.0F	9.1
166.55	16	81.0F	9.1
166.60	16	81.0F	9.1
166.65	15	81.0F	9.1
166.70	14	81.0F	9.1
166.75	12	81.0F	9.1
166.80	13	81.0F	9.1
166.85	11	81.0F	9.1
166.90	10	81.0F	9.1
166.95	8	81.0F	9.1
167.00	7	81.0F	9.1
167.05	6	81.0F	9.1
167.10	4	80.9F	9.1
167.15	2	80.9F	9.1
167.20	3	81.0F	9.1
167.25	0	81.0F	9.1
167.30	-1	81.0F	9.1
167.35	0	80.9F	9.1
167.40	-1	80.9F	9.1
167.45	-1	80.9F	9.1
167.50	-3	80.9F	9.1
167.55	-3	80.9F	9.1
167.60	-4	80.9F	9.1
167.65	-3	80.9F	9.1
167.70	-4	80.9F	9.1
167.75	-3	80.9F	9.1
167.80	-4	80.9F	9.1
167.85	-4	80.9F	9.1
167.90	-4	80.9F	9.1
167.95	-4	80.9F	9.1
168.00	-3	80.9F	9.1
168.05	-5	80.9F	9.1
168.10	-5	80.9F	9.1
168.15	-5	80.9F	9.1
168.20	-4	80.9F	9.1
168.25	-4	80.9F	9.1
168.30	-5	80.9F	9.1
168.35	-3	80.9F	9.1
168.40	-5	80.9F	9.1
168.45	-5	80.9F	9.1
168.50	-4	80.9F	9.1
168.55	-5	80.9F	9.1
168.60	-4	80.9F	9.1
168.65	-5	80.9F	9.1
168.70	-4	80.9F	9.1
168.75	-3	80.9F	9.1
168.80	-5	80.9F	9.1
168.85	-4	80.9F	9.1
168.90	-4	80.9F	9.1
168.95	-5	80.9F	9.1
169.00	-4	80.9F	9.1
169.05	-4	80.9F	9.1
169.10	-4	80.9F	9.1
169.15	-3	80.9F	9.1
169.20	-4	80.9F	9.1
169.25	-4	80.9F	9.1
169.30	-5	80.8F	9.1
169.35	-4	80.8F	9.1
169.40	-4	80.9F	9.1
169.45	-4	80.9F	9.1
169.50	-6	80.9F	9.1
169.55	-5	80.8F	9.1
169.60	-4	80.8F	9.1
169.65	-4	80.8F	9.1
169.70	-4	80.8F	9.1
169.75	-5	80.8F	9.1
169.80	-4	80.8F	9.1
169.85	-5	80.8F	9.1
169.90	-5	80.8F	9.1
169.95	-4	80.8F	9.1
170.00	-4	80.8F	9.1
170.05	-4	80.8F	9.1
170.10	-5	80.8F	9.1
170.15	-5	80.8F	9.1
170.20	-5	80.8F	9.1
170.25	-4	80.8F	9.1
170.30	-4	80.8F	9.1
170.35	-3	80.8F	9.1
170.40	-5	80.8F	9.1
170.45	-3	80.8F	9.1
170.50	-4	80.8F	9.1
170.55	-5	80.8F	9.1
170.60	-5	80.8F	9.1
170.65	-5	80.8F	9.1
170.70	-5	80.8F	9.1
170.75	-3	80.8F	9.1
170.80	-5	80.8F	9.1
170.85	-5	80.8F	9.1
170.90	-5	80.8F	9.1
170.95	-4	80.8F	9.1
171.00	-5	80.8F	9.1
171.05	-4	80.8F	9.1
171.10	-4	80.8F	9.1
171.15	-4	80.8F	9.1
171.20	-4	80.8F	9.1
171.25	-5	80.8F	9.1
171.30	-5	80.8F	9.1
171.35	-5	80.8F	9.1
171.40	-4	80.8F	9.1
171.45	-5	80.8F	9.1
171.50	-5	80.8F	9.1
171.55	-5	80.8F	9.1
171.60	-4	80.7F	9.1
171.65	-4	80.7F	9.1
171.70	-3	80.7F	9.1
171.75	-4	80.7F	9.1
171.80	-4	80.7F	9.1
171.85	-4	80.7F	9.1
171.90	-4	80.7F	9.1
171.95	-4	80.7F	9.1
172.00	-4	80.7F	9.1
172.05	-6	80.7F	9.1
172.10	-4	80.7F	9.1
172.15	-5	80.7F	9.1
172.20	-4	80.7F	9.1
172.25	-4	80.7F	9.1
172.30	-3	80.7F	9.1
172.35	-4	80.7F	9.1
172.40	-4	80.7F	9.1
172.45	-5	80.7F	9.1
172.50	-3	80.7F	9.1
172.55	-4	80.7F	9.1
172.60	-4	80.7F	9.1
172.65	-2	80.7F	9.1
172.70	-5	80.7F	9.1
172.75	-4	80.7F	9.1
172.80	-4	80.7F	9.1
172.85	-4	80.7F	9.1
172.90	-3	80.7F	9.1
172.95	-5	80.7F	9.1
173.00	-4	80.7F	9.1
173.05	-6	80.7F	9.1
173.10	-5	80.7F	9.1
173.15	-5	80.7F	9.1
173.20	-5	80.7F	9.1
173.25	-5	80.7F	9.1
173.30	-6	80.7F	9.1
173.35	-4	80.7F	9.1
173.40	-4	80.7F	9.1
173.45	-5	80.7F	9.1
173.50	-5	80.7F	9.1
173.55	-4	80.7F	9.1
173.60	-4	80.7F	9.1
173.65	-4	80.7F	9.1
173.70	-4	80.7F	9.1
173.75	-6	80.7F	9.1
173.80	-5	80.7F	9.1
173.85	-5	80.7F	9.1
173.90	-5	80.7F	9.1
173.95	-5	80.7F	9.1
174.00	-5	80.7F	9.1
174.05	-4	80.6F	9.1
174.10	-4	80.6F	9.1
174.15	-4	80.6F	9.1
174.20	-5	80.6F	9.1
174.25	-4	80.6F	9.1
174.30	-4	80.6F	9.1
174.35	-4	80.6F	9.1
174.40	-4	80.6F	9.1
174.45	-4	80.6F	9.1
174.50	-4	80.6F	9.1
174.55	-5	80.6F	9.1
174.60	-3	80.6F	9.1
174.65	-5	80.6F	9.1
174.70	-5	80.6F	9.1
174.75	-5	80.6F	9.1
174.80	-5	80.6F	9.1
174.85	-4	80.6F	9.1
174.90	-4	80.6F	9.1
174.95	-3	80.6F	9.1
175.00	-5	80.6F	9.1
175.05	-5	80.6F	9.1
175.10	-5	80.6F	9.1
175.15	-3	80.6F	9.1
175.20	-5	80.6F	9.1
175.25	-5	80.6F	9.1
175.30	-5	80.6F	9.1
175.35	-4	80.6F	9.1
175.40	-3	80.6F	9.1
175.45	-4	80.6F	9.1
175.50	-5	80.6F	9.1
175.55	-4	80.6F	9.1

